5,0.008,0.015,0.764,0.997,0.870,0.999,1.000,0.973,0.914,0.855,0.793,0.729,0.669,0.633,0.573,0.378,0.301,0.338,0.419,0.395,0.339,0.343,0.287,0.109
5,0.007,0.015,0.762,0.970,0.876,0.994,1.000,0.983,0.926,0.865,0.802,0.740,0.679,0.633,0.607,0.450,0.320,0.300,0.376,0.414,0.356,0.336,0.301,0.212
5,0.015,0.030,0.794,0.885,0.878,1.000,1.000,0.978,0.923,0.843,0.776,0.702,0.660,0.558,0.381,0.378,0.452,0.426,0.385,0.359,0.263,0.000,0.000,0.000
5,0.015,0.031,0.776,0.850,0.833,0.996,1.000,1.000,0.959,0.902,0.845,0.784,0.722,0.682,0.624,0.510,0.363,0.359,0.441,0.457,0.392,0.367,0.314,0.139
5,0.005,0.010,0.760,0.971,0.855,0.999,0.999,0.974,0.912,0.847,0.783,0.717,0.662,0.643,0.523,0.343,0.327,0.408,0.424,0.357,0.361,0.309,0.208,0.005
5,0.005,0.010,0.798,0.792,0.472,0.894,0.990,0.998,0.971,0.911,0.851,0.785,0.722,0.674,0.598,0.529,0.357,0.321,0.399,0.436,0.376,0.357,0.297,0.120
5,0.009,0.018,0.777,0.981,0.932,1.000,1.000,0.992,0.934,0.872,0.804,0.745,0.678,0.660,0.575,0.381,0.324,0.411,0.435,0.393,0.367,0.341,0.264,0.016
5,0.015,0.030,0.808,0.756,0.647,0.973,1.000,1.000,0.967,0.900,0.837,0.760,0.710,0.627,0.407,0.443,0.467,0.443,0.413,0.360,0.250,0.000,0.000,0.000
5,0.007,0.015,0.770,0.986,0.924,1.000,1.000,0.984,0.929,0.865,0.805,0.741,0.678,0.649,0.590,0.387,0.316,0.376,0.436,0.404,0.358,0.353,0.295,0.096
5,0.015,0.030,0.779,0.889,0.836,1.000,1.000,1.000,0.988,0.932,0.868,0.804,0.744,0.688,0.660,0.560,0.404,0.356,0.416,0.444,0.420,0.380,0.356,0.272
5,0.015,0.030,0.782,0.989,0.950,1.000,1.000,0.980,0.927,0.850,0.780,0.703,0.677,0.580,0.407,0.417,0.483,0.450,0.410,0.357,0.223,0.000,0.000,0.000
5,0.009,0.018,0.770,0.984,0.958,1.000,1.000,0.991,0.944,0.883,0.821,0.752,0.686,0.655,0.585,0.391,0.321,0.374,0.430,0.405,0.361,0.347,0.277,0.054
5,0.007,0.015,0.773,0.997,0.918,1.000,1.000,0.983,0.926,0.861,0.804,0.739,0.681,0.651,0.606,0.425,0.325,0.346,0.431,0.426,0.364,0.369,0.316,0.173
5,0.016,0.030,0.769,0.943,0.953,1.000,1.000,0.988,0.925,0.871,0.816,0.753,0.694,0.663,0.627,0.443,0.341,0.373,0.443,0.439,0.388,0.384,0.333,0.212
5,0.012,0.023,0.782,0.932,0.892,1.000,1.000,0.989,0.944,0.887,0.814,0.753,0.693,0.671,0.591,0.411,0.359,0.435,0.474,0.407,0.383,0.344,0.177,0.000
5,0.011,0.023,0.793,0.799,0.643,0.983,1.000,1.000,0.978,0.918,0.855,0.792,0.721,0.680,0.595,0.478,0.353,0.394,0.437,0.437,0.381,0.366,0.247,0.000
5,0.007,0.015,0.765,0.954,0.911,0.998,1.000,0.987,0.929,0.866,0.802,0.739,0.679,0.658,0.602,0.427,0.325,0.350,0.423,0.425,0.366,0.367,0.308,0.155
5,0.007,0.014,0.760,0.994,0.919,1.000,0.999,0.963,0.898,0.835,0.764,0.697,0.648,0.619,0.438,0.321,0.352,0.431,0.411,0.357,0.342,0.289,0.068,0.000
5,0.012,0.023,0.773,0.966,0.930,1.000,1.000,0.987,0.936,0.870,0.802,0.736,0.682,0.663,0.539,0.388,0.375,0.454,0.454,0.401,0.384,0.318,0.094,0.000
5,0.007,0.015,0.764,0.967,0.914,1.000,1.000,0.987,0.931,0.869,0.809,0.746,0.684,0.657,0.603,0.423,0.327,0.348,0.428,0.426,0.366,0.360,0.310,0.152
5,0.007,0.015,0.778,0.893,0.644,0.979,1.000,0.998,0.962,0.898,0.835,0.773,0.709,0.661,0.643,0.443,0.327,0.340,0.419,0.418,0.355,0.359,0.312,0.212
5,0.012,0.023,0.770,0.998,0.942,1.000,1.000,0.998,0.949,0.876,0.797,0.742,0.695,0.661,0.525,0.365,0.380,0.458,0.450,0.384,0.382,0.333,0.158,0.000
5,0.005,0.010,0.765,0.967,0.854,0.994,1.000,0.976,0.925,0.865,0.801,0.738,0.678,0.639,0.598,0.479,0.350,0.325,0.406,0.432,0.380,0.356,0.318,0.196
5,0.012,0.023,0.795,0.984,0.905,1.000,1.000,0.996,0.937,0.872,0.814,0.753,0.703,0.677,0.563,0.390,0.357,0.424,0.474,0.400,0.403,0.348,0.173,0.000
5,0.009,0.018,0.767,0.986,0.929,1.000,0.997,0.972,0.924,0.862,0.802,0.735,0.669,0.641,0.523,0.366,0.329,0.412,0.448,0.384,0.375,0.332,0.255,0.000
5,0.012,0.024,0.764,0.953,0.846,0.998,1.000,0.991,0.937,0.877,0.810,0.745,0.680,0.649,0.556,0.372,0.327,0.418,0.439,0.387,0.368,0.325,0.247,0.019
5,0.011,0.023,0.785,0.979,0.920,1.000,1.000,1.000,0.937,0.905,0.829,0.762,0.703,0.673,0.593,0.407,0.351,0.431,0.465,0.400,0.400,0.346,0.279,0.048
5,0.005,0.010,0.769,0.997,0.882,0.995,1.000,0.991,0.937,0.873,0.812,0.748,0.689,0.653,0.583,0.383,0.323,0.392,0.438,0.396,0.364,0.344,0.285,0.094
5,0.012,0.024,0.797,0.993,0.931,1.000,1.000,0.982,0.920,0.877,0.806,0.741,0.681,0.672,0.518,0.382,0.391,0.462,0.451,0.391,0.386,0.312,0.060,0.000
5,0.007,0.015,0.768,0.995,0.908,0.999,1.000,0.992,0.938,0.881,0.816,0.748,0.690,0.650,0.625,0.459,0.335,0.319,0.402,0.429,0.368,0.358,0.314,0.218
5,0.005,0.010,0.769,0.981,0.900,0.998,1.000,0.985,0.933,0.871,0.805,0.739,0.677,0.646,0.601,0.440,0.325,0.367,0.430,0.422,0.361,0.362,0.304,0.170
5,0.009,0.019,0.762,0.986,0.916,1.000,1.000,0.990,0.941,0.871,0.813,0.756,0.682,0.652,0.597,0.395,0.318,0.395,0.439,0.410,0.361,0.352,0.288,0.105
5,0.015,0.032,0.781,0.921,0.885,1.000,1.000,1.000,0.974,0.932,0.881,0.796,0.740,0.715,0.626,0.498,0.379,0.421,0.481,0.443,0.400,0.383,0.306,0.085
5,0.012,0.023,0.793,0.974,0.924,1.000,1.000,0.987,0.937,0.870,0.805,0.745,0.688,0.665,0.545,0.377,0.366,0.448,0.459,0.394,0.390,0.327,0.139,0.000
5,0.014,0.028,0.797,0.812,0.759,0.991,1.000,0.997,0.963,0.889,0.806,0.738,0.713,0.611,0.398,0.429,0.497,0.460,0.426,0.380,0.312,0.028,0.000,0.000
5,0.005,0.010,0.762,0.996,0.855,0.989,0.999,0.975,0.919,0.861,0.805,0.747,0.682,0.642,0.603,0.432,0.325,0.331,0.419,0.416,0.357,0.355,0.306,0.182
5,0.012,0.024,0.781,0.939,0.752,0.996,1.000,0.996,0.949,0.879,0.812,0.750,0.685,0.656,0.562,0.368,0.333,0.426,0.435,0.375,0.371,0.319,0.152,0.000
5,0.007,0.015,0.762,0.995,0.909,0.998,1.000,0.973,0.912,0.848,0.790,0.730,0.668,0.641,0.582,0.396,0.311,0.359,0.432,0.417,0.356,0.354,0.296,0.128
5,0.015,0.030,0.805,0.947,0.964,1.000,1.000,0.996,0.964,0.900,0.860,0.792,0.724,0.696,0.632,0.468,0.388,0.452,0.480,0.476,0.424,0.408,0.332,0.156
5,0.012,0.023,0.793,0.922,0.938,1.000,1.000,0.987,0.934,0.864,0.796,0.732,0.675,0.655,0.488,0.358,0.385,0.451,0.455,0.391,0.369,0.292,0.031,0.000
5,0.009,0.019,0.759,0.986,0.924,1.000,1.000,0.979,0.920,0.855,0.790,0.727,0.660,0.639,0.523,0.373,0.312,0.396,0.438,0.379,0.355,0.325,0.228,0.000
5,0.012,0.023,0.802,0.945,0.927,1.000,1.000,0.993,0.938,0.870,0.811,0.741,0.688,0.657,0.519,0.389,0.396,0.470,0.462,0.409,0.400,0.334,0.057,0.000
5,0.012,0.023,0.774,0.994,0.904,1.000,1.000,0.996,0.953,0.876,0.812,0.738,0.689,0.670,0.554,0.377,0.382,0.458,0.456,0.397,0.399,0.343,0.179,0.000
5,0.008,0.015,0.758,0.942,0.778,0.997,1.000,0.986,0.932,0.870,0.806,0.745,0.681,0.636,0.608,0.387,0.299,0.326,0.406,0.400,0.337,0.340,0.288,0.171
5,0.012,0.023,0.791,0.982,0.933,1.000,1.000,0.994,0.937,0.879,0.810,0.745,0.695,0.677,0.548,0.392,0.370,0.439,0.450,0.385,0.392,0.342,0.173,0.000
5,0.015,0.030,0.789,0.824,0.720,0.992,1.000,1.000,0.976,0.936,0.864,0.812,0.744,0.696,0.648,0.552,0.408,0.372,0.436,0.460,0.436,0.364,0.336,0.200
5,0.005,0.010,0.759,0.978,0.871,0.995,0.999,0.972,0.911,0.847,0.787,0.723,0.662,0.643,0.565,0.392,0.323,0.367,0.426,0.405,0.357,0.347,0.278,0.109
5,0.007,0.015,0.761,0.998,0.906,0.999,1.000,0.984,0.928,0.865,0.808,0.744,0.678,0.645,0.592,0.402,0.311,0.364,0.433,0.414,0.357,0.356,0.292,0.117
5,0.012,0.023,0.769,0.980,0.942,1.000,1.000,0.996,0.933,0.874,0.805,0.749,0.677,0.654,0.522,0.368,0.368,0.437,0.444,0.377,0.374,0.320,0.121,0.000
5,0.007,0.015,0.767,0.957,0.871,0.999,1.000,0.988,0.933,0.872,0.808,0.745,0.683,0.641,0.623,0.437,0.323,0.318,0.403,0.410,0.350,0.345,0.301,0.198
5,0.007,0.015,0.778,0.997,0.928,0.999,1.000,0.984,0.928,0.870,0.809,0.742,0.691,0.654,0.612,0.420,0.326,0.375,0.442,0.428,0.374,0.370,0.309,0.132
5,0.012,0.024,0.820,0.759,0.560,0.960,1.000,1.000,0.980,0.923,0.855,0.793,0.732,0.675,0.574,0.382,0.422,0.468,0.429,0.409,0.393,0.334,0.136,0.000
5,0.012,0.024,0.786,0.979,0.930,1.000,1.000,0.989,0.927,0.864,0.796,0.732,0.677,0.644,0.464,0.347,0.385,0.446,0.424,0.376,0.356,0.284,0.026,0.000
5,0.016,0.032,0.817,0.783,0.613,0.958,1.000,1.000,0.979,0.925,0.858,0.808,0.742,0.692,0.642,0.471,0.350,0.417,0.467,0.425,0.383,0.367,0.325,0.100
5,0.009,0.019,0.771,0.999,0.835,0.999,1.000,0.985,0.931,0.868,0.801,0.737,0.677,0.636,0.594,0.451,0.323,0.324,0.404,0.411,0.351,0.342,0.284,0.130
5,0.015,0.028,0.785,0.980,0.943,1.000,1.000,0.984,0.909,0.846,0.783,0.701,0.686,0.566,0.406,0.403,0.472,0.459,0.415,0.393,0.286,0.000,0.000,0.000
5,0.015,0.032,0.814,0.797,0.613,0.975,1.000,1.000,0.996,0.950,0.879,0.821,0.750,0.712,0.671,0.508,0.363,0.421,0.471,0.446,0.396,0.392,0.350,0.267
5,0.009,0.018,0.757,0.973,0.893,1.000,1.000,0.994,0.940,0.881,0.811,0.741,0.688,0.662,0.548,0.351,0.309,0.378,0.430,0.373,0.365,0.321,0.264,0.033
5,0.012,0.023,0.779,0.885,0.819,0.998,1.000,0.991,0.945,0.885,0.819,0.753,0.689,0.652,0.578,0.390,0.335,0.420,0.458,0.399,0.380,0.348,0.271,0.000
5,0.014,0.029,0.788,0.959,0.928,1.000,1.000,0.997,0.935,0.866,0.804,0.725,0.699,0.634,0.467,0.376,0.441,0.477,0.422,0.405,0.343,0.082,0.000,0.000
5,0.015,0.030,0.775,0.976,0.936,1.000,1.000,1.000,0.980,0.920,0.856,0.792,0.732,0.696,0.652,0.484,0.372,0.396,0.464,0.452,0.396,0.388,0.356,0.192
5,0.009,0.019,0.759,0.994,0.918,1.000,1.000,0.987,0.927,0.864,0.803,0.738,0.673,0.643,0.558,0.376,0.316,0.392,0.440,0.409,0.357,0.349,0.294,0.095
5,0.015,0.031,0.841,0.750,0.546,0.875,0.988,1.000,1.000,0.988,0.929,0.858,0.800,0.729,0.683,0.583,0.421,0.471,0.479,0.467,0.433,0.408,0.387,0.325
5,0.011,0.023,0.779,0.955,0.909,1.000,1.000,0.998,0.948,0.885,0.818,0.758,0.701,0.669,0.591,0.394,0.353,0.439,0.468,0.411,0.394,0.342,0.171,0.000
5,0.009,0.018,0.775,0.998,0.935,1.000,1.000,0.988,0.930,0.855,0.798,0.731,0.674,0.641,0.556,0.380,0.320,0.401,0.438,0.385,0.362,0.329,0.244,0.000
5,0.007,0.015,0.772,0.993,0.921,1.000,1.000,0.983,0.923,0.863,0.803,0.740,0.676,0.645,0.593,0.409,0.317,0.349,0.428,0.416,0.355,0.360,0.293,0.110
5,0.012,0.024,0.791,0.802,0.673,0.987,1.000,1.000,0.971,0.914,0.840,0.793,0.714,0.670,0.585,0.453,0.367,0.444,0.475,0.404,0.382,0.314,0.152,0.000
5,0.015,0.030,0.821,0.837,0.533,0.925,1.000,1.000,0.996,0.983,0.938,0.854,0.796,0.738,0.675,0.633,0.517,0.408,0.458,0.488,0.471,0.412,0.383,0.196
5,0.014,0.029,0.807,0.770,0.590,0.949,1.000,1.000,0.971,0.901,0.843,0.760,0.708,0.635,0.439,0.404,0.474,0.446,0.429,0.385,0.317,0.071,0.000,0.000
5,0.015,0.029,0.804,0.993,0.968,1.000,1.000,1.000,0.968,0.924,0.848,0.792,0.740,0.708,0.672,0.500,0.408,0.440,0.492,0.468,0.416,0.412,0.368,0.192
5,0.009,0.019,0.760,0.999,0.934,1.000,1.000,0.976,0.919,0.851,0.788,0.714,0.608,0.623,0.511,0.364,0.327,0.414,0.438,0.386,0.365,0.324,0.226,0.000
5,0.009,0.019,0.773,0.934,0.827,1.000,1.000,0.988,0.934,0.870,0.803,0.739,0.676,0.635,0.556,0.387,0.299,0.369,0.419,0.384,0.347,0.325,0.216,0.000
5,0.012,0.025,0.779,0.875,0.723,0.989,1.000,1.000,0.973,0.907,0.841,0.773,0.710,0.671,0.590,0.379,0.342,0.431,0.444,0.388,0.381,0.324,0.243,0.000
5,0.005,0.010,0.777,0.976,0.888,0.998,1.000,0.989,0.926,0.869,0.801,0.740,0.672,0.642,0.583,0.421,0.339,0.377,0.441,0.421,0.364,0.360,0.281,0.057
5,0.007,0.015,0.767,0.970,0.929,1.000,1.000,0.981,0.928,0.859,0.803,0.739,0.679,0.650,0.598,0.410,0.307,0.348,0.424,0.420,0.354,0.361,0.304,0.165
5,0.007,0.015,0.762,0.984,0.907,0.999,1.000,0.982,0.925,0.865,0.804,0.741,0.678,0.646,0.606,0.432,0.319,0.343,0.425,0.427,0.363,0.369,0.315,0.228
5,0.007,0.015,0.780,0.996,0.910,0.999,1.000,0.987,0.932,0.870,0.811,0.746,0.682,0.653,0.607,0.427,0.334,0.382,0.444,0.430,0.370,0.364,0.306,0.105
5,0.007,0.015,0.777,1.000,0.912,1.000,1.000,0.989,0.934,0.867,0.809,0.751,0.684,0.660,0.616,0.424,0.329,0.366,0.439,0.430,0.366,0.373,0.312,0.153
5,0.016,0.030,0.792,0.922,0.856,0.996,1.000,0.992,0.960,0.904,0.852,0.784,0.720,0.696,0.620,0.424,0.348,0.452,0.492,0.412,0.408,0.388,0.240,0.000
5,0.005,0.010,0.769,0.965,0.882,0.993,0.998,0.983,0.941,0.879,0.813,0.749,0.685,0.646,0.630,0.414,0.312,0.345,0.418,0.409,0.352,0.351,0.302,0.135
3,0.007,0.016,0.743,0.988,0.513,0.936,1.000,1.000,1.000,0.999,0.861,0.512,0.507,0.433,0.400,0.354,0.285,0.280,0.273,0.356,0.358,0.317,0.293,0.133
3,0.014,0.031,0.790,0.992,0.596,0.969,1.000,1.000,1.000,1.000,0.880,0.559,0.552,0.457,0.444,0.370,0.336,0.333,0.392,0.410,0.395,0.361,0.262,0.000
3,0.009,0.020,0.746,0.983,0.565,0.973,1.000,1.000,1.000,0.975,0.664,0.504,0.480,0.399,0.373,0.285,0.273,0.272,0.349,0.357,0.298,0.225,0.035,0.000
3,0.011,0.024,0.758,0.998,0.554,0.943,1.000,1.000,1.000,1.000,0.875,0.536,0.535,0.462,0.425,0.368,0.316,0.307,0.326,0.391,0.384,0.325,0.267,0.059
3,0.007,0.016,0.739,0.996,0.528,0.946,1.000,1.000,1.000,0.998,0.826,0.498,0.513,0.423,0.395,0.345,0.282,0.275,0.283,0.353,0.359,0.306,0.276,0.093
3,0.011,0.023,0.761,0.994,0.532,0.949,1.000,1.000,1.000,0.998,0.860,0.541,0.532,0.454,0.424,0.361,0.314,0.307,0.328,0.392,0.382,0.333,0.257,0.041
3,0.005,0.011,0.740,0.960,0.485,0.924,0.999,0.998,1.000,0.992,0.797,0.498,0.501,0.412,0.390,0.315,0.279,0.265,0.299,0.352,0.336,0.297,0.208,0.031
3,0.014,0.029,0.772,0.994,0.581,0.970,1.000,1.000,1.000,0.985,0.702,0.546,0.511,0.446,0.388,0.341,0.323,0.393,0.414,0.361,0.306,0.088,0.000,0.000
3,0.011,0.024,0.778,0.978,0.528,0.944,1.000,1.000,1.000,1.000,0.908,0.582,0.530,0.465,0.429,0.387,0.318,0.318,0.326,0.394,0.396,0.352,0.337,0.137
3,0.007,0.016,0.742,0.983,0.488,0.932,1.000,1.000,1.000,0.999,0.879,0.513,0.506,0.443,0.393,0.350,0.277,0.279,0.273,0.347,0.353,0.303,0.278,0.108
3,0.007,0.016,0.754,0.996,0.488,0.942,1.000,1.000,1.000,0.999,0.852,0.510,0.510,0.432,0.400,0.358,0.286,0.284,0.288,0.359,0.360,0.315,0.280,0.104
3,0.006,0.012,0.748,0.982,0.482,0.916,0.998,0.999,1.000,0.994,0.783,0.504,0.506,0.405,0.402,0.336,0.294,0.281,0.319,0.366,0.359,0.314,0.236,0.063
3,0.007,0.015,0.758,0.979,0.503,0.936,1.000,1.000,1.000,0.999,0.838,0.503,0.512,0.435,0.404,0.350,0.284,0.285,0.287,0.360,0.377,0.316,0.276,0.083
3,0.014,0.031,0.779,0.991,0.557,0.953,1.000,1.000,1.000,1.000,0.937,0.613,0.563,0.509,0.465,0.415,0.352,0.336,0.358,0.434,0.421,0.362,0.314,0.057
3,0.005,0.011,0.753,0.980,0.440,0.904,0.996,0.997,0.998,0.995,0.839,0.505,0.502,0.434,0.402,0.344,0.284,0.279,0.294,0.353,0.344,0.306,0.229,0.032
3,0.009,0.020,0.731,0.986,0.544,0.964,1.000,1.000,1.000,0.992,0.691,0.502,0.481,0.403,0.387,0.272,0.255,0.248,0.343,0.346,0.304,0.270,0.080,0.000
3,0.011,0.024,0.763,0.971,0.563,0.952,1.000,1.000,1.000,1.000,0.916,0.555,0.531,0.491,0.420,0.396,0.318,0.322,0.313,0.385,0.389,0.348,0.322,0.123
3,0.015,0.031,0.772,0.994,0.585,0.947,1.000,1.000,1.000,0.991,0.830,0.553,0.557,0.459,0.421,0.349,0.336,0.333,0.412,0.406,0.352,0.283,0.028,0.000
3,0.011,0.024,0.756,0.973,0.543,0.957,1.000,1.000,1.000,1.000,0.866,0.528,0.535,0.450,0.424,0.359,0.323,0.304,0.340,0.389,0.372,0.328,0.240,0.028
3,0.012,0.025,0.768,0.974,0.527,0.942,1.000,1.000,1.000,0.996,0.832,0.524,0.531,0.440,0.431,0.346,0.301,0.275,0.344,0.380,0.350,0.315,0.161,0.000
3,0.014,0.030,0.775,0.975,0.588,0.958,1.000,1.000,1.000,0.997,0.921,0.624,0.573,0.494,0.448,0.412,0.361,0.345,0.376,0.409,0.415,0.370,0.294,0.061
3,0.011,0.024,0.746,0.999,0.568,0.969,1.000,1.000,1.000,1.000,0.866,0.531,0.530,0.439,0.417,0.349,0.292,0.274,0.333,0.372,0.365,0.312,0.240,0.033
3,0.014,0.030,0.784,0.980,0.567,0.973,1.000,1.000,1.000,1.000,0.961,0.655,0.545,0.512,0.439,0.415,0.339,0.339,0.333,0.403,0.406,0.388,0.345,0.218
3,0.006,0.012,0.751,0.953,0.510,0.910,0.997,0.999,0.997,0.980,0.719,0.491,0.509,0.415,0.400,0.329,0.291,0.274,0.312,0.366,0.350,0.303,0.205,0.014
3,0.007,0.016,0.749,0.991,0.473,0.932,1.000,1.000,1.000,0.999,0.903,0.522,0.500,0.439,0.391,0.358,0.277,0.275,0.270,0.345,0.354,0.302,0.272,0.105
3,0.014,0.030,0.788,0.978,0.628,0.974,1.000,1.000,1.000,0.967,0.625,0.554,0.497,0.439,0.390,0.349,0.332,0.408,0.408,0.360,0.298,0.056,0.000,0.000
3,0.015,0.031,0.780,0.970,0.533,0.958,1.000,1.000,1.000,0.997,0.885,0.555,0.545,0.470,0.436,0.385,0.321,0.312,0.336,0.394,0.397,0.336,0.273,0.052
3,0.009,0.020,0.756,0.983,0.497,0.948,0.997,0.998,1.000,1.000,0.922,0.547,0.513,0.475,0.396,0.379,0.297,0.292,0.269,0.348,0.362,0.336,0.304,0.177
3,0.011,0.025,0.768,0.985,0.541,0.946,1.000,1.000,1.000,0.998,0.855,0.521,0.534,0.464,0.416,0.355,0.304,0.295,0.330,0.375,0.373,0.314,0.229,0.020
3,0.014,0.033,0.790,0.973,0.592,0.971,1.000,1.000,1.000,1.000,0.876,0.582,0.552,0.471,0.464,0.382,0.356,0.324,0.395,0.425,0.415,0.376,0.242,0.026
3,0.007,0.016,0.756,0.989,0.467,0.925,1.000,1.000,1.000,0.999,0.869,0.515,0.513,0.435,0.398,0.356,0.288,0.280,0.283,0.357,0.362,0.313,0.285,0.105
3,0.007,0.015,0.747,0.990,0.481,0.936,1.000,1.000,1.000,0.992,0.773,0.498,0.499,0.393,0.381,0.300,0.283,0.263,0.335,0.357,0.316,0.290,0.118,0.000
3,0.015,0.032,0.788,0.979,0.615,0.978,1.000,1.000,1.000,1.000,0.785,0.567,0.564,0.458,0.429,0.359,0.346,0.330,0.397,0.413,0.385,0.333,0.147,0.000
3,0.009,0.020,0.757,0.991,0.538,0.965,1.000,1.000,1.000,0.990,0.672,0.512,0.493,0.404,0.386,0.300,0.294,0.277,0.356,0.368,0.325,0.302,0.123,0.000
3,0.009,0.020,0.745,0.981,0.508,0.955,1.000,1.000,1.000,0.986,0.666,0.491,0.474,0.388,0.370,0.288,0.279,0.275,0.352,0.354,0.305,0.260,0.054,0.000
3,0.014,0.031,0.768,0.965,0.608,0.975,1.000,1.000,1.000,1.000,0.923,0.565,0.537,0.491,0.444,0.395,0.343,0.336,0.352,0.410,0.392,0.367,0.290,0.071
3,0.011,0.024,0.763,0.995,0.551,0.956,1.000,1.000,1.000,0.998,0.863,0.535,0.539,0.472,0.438,0.382,0.320,0.303,0.338,0.389,0.377,0.331,0.246,0.019
3,0.014,0.031,0.777,0.969,0.560,0.953,1.000,1.000,1.000,1.000,0.931,0.601,0.563,0.519,0.469,0.415,0.346,0.346,0.371,0.418,0.421,0.358,0.296,0.057
3,0.007,0.016,0.751,0.988,0.492,0.933,1.000,1.000,1.000,0.999,0.872,0.500,0.503,0.435,0.397,0.356,0.282,0.281,0.272,0.350,0.359,0.306,0.283,0.104
3,0.007,0.015,0.743,0.990,0.494,0.932,0.999,1.000,1.000,0.999,0.862,0.504,0.503,0.436,0.394,0.355,0.282,0.281,0.266,0.351,0.356,0.323,0.308,0.165
3,0.007,0.016,0.749,0.988,0.481,0.934,1.000,1.000,1.000,1.000,0.854,0.507,0.509,0.436,0.404,0.352,0.283,0.287,0.277,0.362,0.369,0.319,0.296,0.119
3,0.007,0.016,0.742,0.987,0.447,0.921,1.000,1.000,1.000,1.000,0.844,0.486,0.496,0.415,0.389,0.345,0.268,0.268,0.263,0.344,0.353,0.302,0.274,0.104
3,0.011,0.024,0.765,0.986,0.568,0.957,1.000,1.000,1.000,1.000,0.927,0.561,0.528,0.486,0.425,0.394,0.330,0.325,0.316,0.378,0.392,0.349,0.316,0.099
3,0.009,0.020,0.734,0.987,0.537,0.972,1.000,1.000,1.000,0.989,0.664,0.507,0.491,0.403,0.383,0.287,0.269,0.273,0.351,0.344,0.286,0.239,0.058,0.000
3,0.014,0.031,0.776,0.996,0.649,0.974,1.000,1.000,1.000,0.974,0.655,0.553,0.473,0.434,0.356,0.325,0.309,0.382,0.392,0.366,0.332,0.104,0.000,0.000
3,0.014,0.030,0.789,0.968,0.530,0.932,1.000,1.000,1.000,1.000,0.932,0.577,0.548,0.503,0.446,0.408,0.339,0.327,0.333,0.396,0.405,0.360,0.321,0.149
3,0.011,0.024,0.774,0.986,0.504,0.937,1.000,1.000,1.000,1.000,0.944,0.579,0.537,0.491,0.426,0.389,0.327,0.312,0.305,0.380,0.386,0.345,0.320,0.132
3,0.012,0.024,0.754,0.836,0.615,0.856,0.976,1.000,0.990,0.939,0.821,0.603,0.459,0.414,0.383,0.309,0.299,0.307,0.372,0.370,0.328,0.306,0.101,0.000
3,0.012,0.025,0.764,0.987,0.556,0.965,1.000,1.000,1.000,0.995,0.748,0.518,0.518,0.417,0.408,0.319,0.306,0.282,0.354,0.386,0.349,0.327,0.153,0.000
3,0.007,0.015,0.749,0.986,0.472,0.916,1.000,1.000,1.000,1.000,0.904,0.531,0.508,0.453,0.404,0.368,0.287,0.286,0.276,0.355,0.363,0.310,0.278,0.085
3,0.007,0.015,0.743,0.988,0.502,0.935,1.000,1.000,1.000,0.999,0.889,0.518,0.509,0.449,0.397,0.368,0.281,0.284,0.270,0.347,0.361,0.315,0.292,0.131
3,0.011,0.024,0.758,0.977,0.519,0.927,1.000,1.000,1.000,1.000,0.898,0.543,0.531,0.472,0.429,0.370,0.314,0.295,0.325,0.382,0.377,0.333,0.262,0.050
3,0.005,0.011,0.752,0.979,0.450,0.899,0.988,0.993,0.996,0.991,0.851,0.504,0.493,0.429,0.395,0.354,0.275,0.275,0.279,0.352,0.355,0.299,0.244,0.064
3,0.007,0.016,0.746,0.992,0.520,0.946,1.000,1.000,1.000,0.999,0.849,0.508,0.498,0.423,0.393,0.345,0.274,0.274,0.277,0.350,0.352,0.299,0.258,0.074
3,0.009,0.019,0.757,0.985,0.524,0.956,1.000,1.000,1.000,0.993,0.718,0.498,0.503,0.404,0.390,0.303,0.292,0.270,0.347,0.360,0.317,0.283,0.088,0.000
3,0.014,0.031,0.766,0.992,0.599,0.951,1.000,1.000,1.000,1.000,0.948,0.602,0.549,0.509,0.441,0.420,0.352,0.324,0.315,0.404,0.404,0.361,0.343,0.127
3,0.011,0.024,0.773,0.983,0.523,0.949,1.000,1.000,1.000,1.000,0.907,0.553,0.535,0.467,0.437,0.375,0.312,0.315,0.315,0.394,0.391,0.338,0.299,0.102
3,0.014,0.030,0.773,0.983,0.564,0.964,1.000,1.000,1.000,1.000,0.958,0.621,0.561,0.494,0.458,0.412,0.342,0.327,0.361,0.406,0.412,0.367,0.285,0.070
3,0.014,0.029,0.770,0.817,0.640,0.904,0.994,1.000,1.000,0.988,0.854,0.658,0.529,0.541,0.447,0.439,0.342,0.330,0.365,0.401,0.383,0.301,0.202,0.000
3,0.011,0.025,0.775,0.973,0.556,0.960,1.000,1.000,1.000,1.000,0.813,0.534,0.534,0.435,0.420,0.342,0.330,0.301,0.371,0.395,0.362,0.337,0.176,0.000
3,0.005,0.012,0.745,0.991,0.509,0.927,0.998,1.000,1.000,0.990,0.773,0.487,0.499,0.403,0.387,0.302,0.281,0.264,0.322,0.353,0.321,0.291,0.157,0.000
3,0.007,0.016,0.753,0.996,0.477,0.932,1.000,1.000,1.000,0.999,0.876,0.519,0.509,0.435,0.402,0.351,0.285,0.281,0.285,0.356,0.361,0.309,0.277,0.095
3,0.009,0.019,0.751,0.980,0.557,0.967,1.000,1.000,1.000,0.988,0.686,0.505,0.487,0.395,0.381,0.291,0.283,0.268,0.348,0.363,0.315,0.261,0.067,0.000
3,0.009,0.019,0.751,0.976,0.537,0.962,1.000,1.000,1.000,0.991,0.696,0.495,0.498,0.392,0.387,0.291,0.287,0.274,0.348,0.356,0.316,0.278,0.096,0.000
3,0.014,0.030,0.763,0.973,0.624,0.979,1.000,1.000,1.000,1.000,0.942,0.570,0.533,0.488,0.433,0.400,0.339,0.321,0.358,0.391,0.391,0.355,0.309,0.052
3,0.005,0.011,0.756,0.986,0.421,0.891,0.997,1.000,1.000,0.998,0.885,0.512,0.502,0.441,0.399,0.363,0.291,0.290,0.285,0.358,0.361,0.317,0.295,0.122
3,0.005,0.011,0.753,0.991,0.532,0.926,1.000,1.000,1.000,0.995,0.875,0.561,0.505,0.440,0.403,0.366,0.297,0.297,0.285,0.360,0.366,0.320,0.297,0.146
3,0.009,0.019,0.760,0.989,0.525,0.958,1.000,1.000,1.000,0.986,0.652,0.516,0.489,0.409,0.386,0.305,0.296,0.291,0.364,0.366,0.316,0.239,0.033,0.000
3,0.011,0.025,0.760,0.995,0.520,0.944,1.000,1.000,1.000,1.000,0.862,0.545,0.529,0.433,0.406,0.328,0.317,0.292,0.382,0.391,0.344,0.324,0.132,0.000
3,0.009,0.020,0.754,0.978,0.525,0.938,1.000,1.000,1.000,1.000,0.913,0.545,0.514,0.457,0.401,0.374,0.284,0.286,0.262,0.336,0.364,0.327,0.309,0.196
3,0.007,0.016,0.744,0.993,0.501,0.945,1.000,1.000,1.000,0.999,0.842,0.503,0.511,0.432,0.402,0.353,0.284,0.281,0.284,0.355,0.363,0.309,0.270,0.086
3,0.009,0.019,0.756,0.995,0.557,0.957,1.000,1.000,1.000,0.982,0.668,0.504,0.481,0.408,0.384,0.300,0.293,0.284,0.363,0.372,0.317,0.249,0.048,0.000
3,0.005,0.011,0.755,0.971,0.488,0.927,0.997,1.000,1.000,0.996,0.858,0.521,0.509,0.425,0.393,0.343,0.281,0.275,0.289,0.360,0.360,0.311,0.249,0.050
3,0.011,0.024,0.748,0.990,0.578,0.967,1.000,1.000,1.000,1.000,0.898,0.561,0.521,0.450,0.413,0.372,0.300,0.286,0.309,0.378,0.377,0.318,0.278,0.080
3,0.016,0.033,0.751,0.969,0.577,0.968,1.000,1.000,1.000,0.994,0.763,0.510,0.510,0.420,0.401,0.311,0.298,0.321,0.375,0.375,0.324,0.208,0.000,0.000
3,0.011,0.023,0.781,0.992,0.505,0.917,1.000,1.000,1.000,1.000,0.905,0.561,0.529,0.465,0.438,0.380,0.324,0.331,0.318,0.395,0.405,0.329,0.309,0.079
3,0.011,0.025,0.755,0.983,0.556,0.963,1.000,1.000,1.000,1.000,0.852,0.525,0.533,0.461,0.424,0.366,0.308,0.306,0.326,0.373,0.379,0.326,0.245,0.039
3,0.007,0.016,0.751,0.993,0.485,0.932,1.000,1.000,1.000,1.000,0.898,0.525,0.502,0.446,0.391,0.360,0.283,0.278,0.277,0.349,0.356,0.307,0.274,0.105
3,0.014,0.031,0.783,0.976,0.627,0.981,1.000,1.000,1.000,1.000,0.861,0.565,0.556,0.488,0.460,0.395,0.340,0.333,0.361,0.407,0.414,0.352,0.287,0.056
3,0.007,0.015,0.737,0.964,0.533,0.924,0.996,1.000,1.000,0.991,0.857,0.494,0.488,0.441,0.388,0.360,0.275,0.276,0.256,0.336,0.349,0.310,0.282,0.119
3,0.007,0.016,0.748,0.999,0.485,0.934,1.000,1.000,1.000,1.000,0.851,0.515,0.517,0.434,0.406,0.355,0.288,0.288,0.279,0.363,0.367,0.314,0.297,0.115
3,0.011,0.025,0.768,0.985,0.578,0.962,1.000,1.000,1.000,1.000,0.850,0.527,0.525,0.431,0.420,0.355,0.304,0.297,0.351,0.382,0.359,0.322,0.217,0.000
3,0.007,0.016,0.755,0.992,0.491,0.937,1.000,1.000,1.000,0.999,0.839,0.505,0.507,0.423,0.403,0.349,0.281,0.280,0.290,0.361,0.365,0.312,0.276,0.092
4,0.007,0.016,0.741,0.997,0.941,1.000,1.000,1.000,1.000,1.000,0.934,0.503,0.466,0.427,0.352,0.351,0.338,0.372,0.346,0.342,0.343,0.323,0.097,0.000
4,0.009,0.020,0.752,0.995,0.923,1.000,1.000,1.000,1.000,1.000,0.993,0.738,0.483,0.480,0.428,0.380,0.376,0.402,0.399,0.373,0.387,0.390,0.313,0.069
4,0.012,0.026,0.779,0.973,0.910,1.000,1.000,1.000,1.000,1.000,0.974,0.655,0.519,0.505,0.412,0.419,0.390,0.421,0.429,0.388,0.398,0.400,0.248,0.000
4,0.012,0.025,0.778,0.976,0.881,1.000,1.000,1.000,1.000,1.000,0.955,0.652,0.540,0.481,0.429,0.414,0.448,0.440,0.419,0.419,0.393,0.181,0.000,0.000
4,0.012,0.026,0.779,0.987,0.912,1.000,1.000,1.000,1.000,1.000,0.993,0.681,0.519,0.510,0.438,0.402,0.400,0.417,0.436,0.383,0.402,0.412,0.267,0.019
4,0.013,0.027,0.756,0.963,0.950,1.000,1.000,1.000,1.000,1.000,0.915,0.529,0.506,0.444,0.401,0.376,0.419,0.401,0.371,0.396,0.358,0.123,0.000,0.000
4,0.006,0.013,0.735,0.988,0.908,0.999,1.000,1.000,1.000,1.000,0.988,0.682,0.472,0.474,0.404,0.345,0.352,0.338,0.376,0.365,0.338,0.349,0.349,0.194
4,0.006,0.013,0.735,0.991,0.908,0.999,1.000,1.000,1.000,1.000,0.946,0.522,0.474,0.443,0.361,0.353,0.331,0.376,0.364,0.331,0.350,0.338,0.124,0.000
4,0.012,0.026,0.763,0.982,0.932,1.000,1.000,1.000,1.000,1.000,0.973,0.625,0.504,0.484,0.397,0.404,0.400,0.414,0.397,0.395,0.400,0.361,0.143,0.000
4,0.006,0.013,0.739,0.993,0.901,0.999,1.000,1.000,1.000,1.000,0.949,0.533,0.466,0.446,0.370,0.357,0.333,0.377,0.379,0.336,0.360,0.359,0.241,0.013
4,0.010,0.021,0.749,0.978,0.950,1.000,1.000,1.000,1.000,1.000,0.956,0.551,0.487,0.462,0.374,0.368,0.382,0.405,0.376,0.374,0.382,0.327,0.077,0.000
4,0.010,0.021,0.765,0.980,0.930,1.000,1.000,1.000,1.000,1.000,0.939,0.545,0.505,0.450,0.373,0.379,0.375,0.399,0.372,0.378,0.388,0.319,0.062,0.000
4,0.012,0.027,0.766,0.992,0.922,1.000,1.000,1.000,1.000,1.000,0.947,0.579,0.524,0.489,0.416,0.414,0.414,0.426,0.393,0.426,0.416,0.236,0.000,0.000
4,0.009,0.020,0.754,0.972,0.909,1.000,1.000,1.000,1.000,1.000,0.990,0.679,0.487,0.483,0.402,0.390,0.368,0.395,0.387,0.366,0.380,0.382,0.249,0.000
4,0.010,0.021,0.745,0.988,0.939,1.000,1.000,1.000,1.000,1.000,0.981,0.564,0.479,0.465,0.368,0.378,0.351,0.385,0.380,0.354,0.362,0.348,0.147,0.000
4,0.007,0.016,0.746,0.994,0.926,1.000,1.000,1.000,1.000,1.000,0.925,0.499,0.476,0.440,0.371,0.374,0.362,0.394,0.376,0.362,0.370,0.354,0.121,0.000
4,0.009,0.020,0.768,0.987,0.909,0.999,1.000,1.000,1.000,1.000,0.990,0.670,0.491,0.489,0.410,0.377,0.369,0.400,0.407,0.365,0.390,0.385,0.318,0.061
4,0.007,0.016,0.739,0.998,0.931,0.998,1.000,1.000,1.000,1.000,0.924,0.507,0.464,0.429,0.360,0.363,0.351,0.382,0.355,0.354,0.355,0.327,0.081,0.000
4,0.013,0.027,0.785,0.998,0.937,1.000,1.000,1.000,1.000,0.997,0.784,0.534,0.524,0.439,0.419,0.406,0.451,0.401,0.421,0.416,0.331,0.045,0.000,0.000
4,0.007,0.016,0.742,0.992,0.919,1.000,1.000,1.000,1.000,1.000,0.920,0.507,0.478,0.439,0.366,0.366,0.352,0.389,0.362,0.357,0.357,0.327,0.078,0.000
4,0.012,0.026,0.761,0.980,0.937,1.000,1.000,1.000,1.000,1.000,0.949,0.574,0.513,0.470,0.402,0.392,0.416,0.431,0.385,0.414,0.407,0.235,0.000,0.000
4,0.012,0.027,0.765,0.994,0.941,1.000,1.000,1.000,1.000,1.000,0.943,0.559,0.525,0.456,0.404,0.394,0.411,0.416,0.387,0.404,0.392,0.187,0.000,0.000
4,0.012,0.027,0.780,0.980,0.950,1.000,1.000,1.000,1.000,1.000,0.955,0.556,0.491,0.466,0.396,0.391,0.419,0.421,0.388,0.416,0.398,0.316,0.028,0.000
4,0.012,0.027,0.751,0.997,0.942,1.000,1.000,1.000,1.000,1.000,0.954,0.547,0.484,0.441,0.380,0.373,0.387,0.402,0.370,0.370,0.373,0.274,0.000,0.000
4,0.010,0.021,0.748,0.990,0.912,1.000,1.000,1.000,1.000,1.000,0.963,0.595,0.503,0.457,0.385,0.373,0.360,0.400,0.376,0.368,0.372,0.353,0.121,0.000
4,0.012,0.026,0.783,0.995,0.931,0.998,1.000,1.000,1.000,1.000,0.952,0.574,0.512,0.490,0.414,0.414,0.412,0.433,0.405,0.419,0.405,0.369,0.129,0.000
4,0.006,0.013,0.730,0.985,0.907,0.998,1.000,1.000,1.000,1.000,0.966,0.583,0.467,0.450,0.360,0.341,0.324,0.358,0.363,0.320,0.344,0.343,0.214,0.006
4,0.006,0.013,0.741,0.990,0.906,0.999,1.000,1.000,1.000,1.000,0.931,0.513,0.469,0.434,0.360,0.356,0.329,0.377,0.372,0.332,0.351,0.346,0.174,0.000
4,0.010,0.021,0.762,0.984,0.902,0.994,1.000,1.000,1.000,1.000,0.958,0.556,0.488,0.455,0.370,0.367,0.355,0.390,0.380,0.367,0.374,0.358,0.140,0.000
4,0.008,0.017,0.728,0.989,0.912,0.998,1.000,1.000,1.000,1.000,0.887,0.478,0.466,0.409,0.337,0.338,0.333,0.366,0.337,0.337,0.341,0.306,0.064,0.000
4,0.010,0.021,0.753,0.991,0.927,1.000,1.000,1.000,1.000,1.000,0.974,0.545,0.485,0.459,0.386,0.382,0.364,0.396,0.387,0.382,0.365,0.354,0.123,0.000
4,0.009,0.020,0.748,0.979,0.890,0.997,1.000,1.000,1.000,1.000,0.996,0.723,0.491,0.491,0.404,0.367,0.356,0.385,0.398,0.352,0.371,0.371,0.293,0.049
4,0.013,0.027,0.754,0.977,0.898,1.000,1.000,1.000,1.000,0.998,0.867,0.511,0.496,0.433,0.383,0.361,0.412,0.400,0.373,0.390,0.358,0.102,0.000,0.000
4,0.006,0.013,0.742,0.992,0.919,1.000,1.000,1.000,1.000,1.000,0.966,0.549,0.473,0.449,0.360,0.350,0.327,0.372,0.369,0.327,0.348,0.345,0.146,0.000
4,0.009,0.021,0.769,0.998,0.924,0.999,1.000,1.000,1.000,1.000,0.978,0.588,0.493,0.476,0.393,0.393,0.379,0.404,0.399,0.379,0.385,0.385,0.175,0.000
4,0.008,0.017,0.740,0.993,0.928,1.000,1.000,1.000,1.000,1.000,0.910,0.290,0.412,0.423,0.362,0.363,0.357,0.387,0.365,0.361,0.358,0.330,0.087,0.000
4,0.006,0.013,0.740,0.985,0.913,0.999,1.000,1.000,1.000,1.000,0.957,0.549,0.463,0.447,0.360,0.349,0.330,0.367,0.367,0.330,0.343,0.339,0.161,0.000
4,0.010,0.021,0.751,0.972,0.929,1.000,1.000,1.000,1.000,1.000,0.970,0.550,0.480,0.460,0.387,0.380,0.363,0.405,0.387,0.368,0.370,0.348,0.113,0.000
4,0.007,0.016,0.751,0.984,0.912,1.000,1.000,1.000,1.000,1.000,0.962,0.544,0.465,0.435,0.367,0.369,0.335,0.382,0.378,0.342,0.345,0.357,0.159,0.000
4,0.006,0.013,0.742,0.989,0.913,0.999,1.000,1.000,1.000,1.000,0.938,0.506,0.461,0.434,0.359,0.354,0.331,0.371,0.365,0.332,0.346,0.348,0.166,0.000
4,0.006,0.013,0.744,0.988,0.914,0.999,1.000,1.000,1.000,1.000,0.937,0.519,0.469,0.435,0.363,0.361,0.331,0.379,0.370,0.337,0.353,0.348,0.169,0.000
4,0.008,0.017,0.740,0.988,0.927,1.000,1.000,1.000,1.000,1.000,0.948,0.260,0.408,0.421,0.334,0.347,0.290,0.361,0.345,0.342,0.361,0.344,0.111,0.000
4,0.006,0.013,0.731,0.996,0.916,0.999,1.000,1.000,1.000,1.000,0.957,0.556,0.456,0.442,0.359,0.345,0.317,0.363,0.361,0.318,0.340,0.339,0.174,0.000
4,0.010,0.021,0.752,0.976,0.944,1.000,1.000,1.000,1.000,1.000,0.930,0.511,0.481,0.450,0.382,0.375,0.388,0.404,0.369,0.381,0.381,0.311,0.028,0.000
4,0.009,0.020,0.757,0.974,0.903,1.000,1.000,1.000,1.000,1.000,0.996,0.731,0.494,0.498,0.422,0.392,0.376,0.398,0.409,0.363,0.384,0.381,0.318,0.058
4,0.009,0.020,0.743,0.977,0.923,1.000,1.000,1.000,1.000,1.000,0.987,0.693,0.492,0.480,0.402,0.366,0.357,0.380,0.385,0.347,0.373,0.357,0.290,0.049
4,0.007,0.016,0.753,0.986,0.921,1.000,1.000,1.000,1.000,1.000,0.969,0.538,0.474,0.458,0.371,0.367,0.345,0.384,0.372,0.352,0.360,0.358,0.130,0.000
4,0.006,0.013,0.742,0.992,0.919,1.000,1.000,1.000,1.000,1.000,0.967,0.548,0.473,0.450,0.363,0.350,0.327,0.372,0.369,0.327,0.348,0.344,0.146,0.000
4,0.007,0.016,0.745,0.994,0.922,1.000,1.000,1.000,1.000,1.000,0.932,0.516,0.470,0.427,0.357,0.353,0.333,0.374,0.361,0.340,0.346,0.344,0.122,0.000
4,0.010,0.021,0.763,0.983,0.930,1.000,1.000,1.000,1.000,1.000,0.898,0.516,0.490,0.430,0.374,0.367,0.387,0.408,0.365,0.385,0.386,0.268,0.013,0.000
4,0.012,0.027,0.790,0.993,0.926,1.000,1.000,1.000,1.000,1.000,0.939,0.561,0.526,0.469,0.421,0.406,0.434,0.434,0.413,0.426,0.436,0.314,0.020,0.000
4,0.006,0.013,0.740,0.988,0.908,0.999,1.000,1.000,1.000,1.000,0.937,0.508,0.467,0.439,0.367,0.362,0.335,0.379,0.376,0.335,0.357,0.360,0.216,0.000
4,0.006,0.013,0.741,0.992,0.896,0.998,1.000,1.000,1.000,1.000,0.963,0.560,0.467,0.451,0.362,0.349,0.326,0.366,0.366,0.324,0.347,0.343,0.164,0.000
4,0.012,0.025,0.764,0.989,0.895,0.995,1.000,1.000,1.000,1.000,0.993,0.749,0.513,0.508,0.419,0.403,0.379,0.419,0.410,0.375,0.396,0.400,0.269,0.000
4,0.012,0.024,0.789,0.983,0.891,0.995,1.000,1.000,1.000,1.000,0.986,0.678,0.515,0.510,0.431,0.408,0.397,0.438,0.424,0.399,0.413,0.417,0.231,0.000
4,0.006,0.013,0.739,0.992,0.914,0.999,1.000,1.000,1.000,1.000,0.950,0.531,0.467,0.442,0.359,0.347,0.324,0.370,0.364,0.328,0.344,0.337,0.140,0.000
4,0.010,0.021,0.769,0.995,0.917,1.000,1.000,1.000,1.000,1.000,0.947,0.529,0.488,0.456,0.386,0.387,0.382,0.404,0.385,0.385,0.377,0.349,0.091,0.000
4,0.009,0.020,0.764,0.992,0.882,0.997,1.000,1.000,1.000,1.000,0.986,0.656,0.497,0.483,0.392,0.386,0.357,0.400,0.396,0.357,0.376,0.376,0.258,0.013
4,0.006,0.013,0.741,0.992,0.903,0.998,1.000,1.000,1.000,1.000,0.985,0.702,0.467,0.465,0.402,0.349,0.353,0.334,0.376,0.364,0.324,0.349,0.348,0.189
4,0.012,0.025,0.766,0.986,0.885,0.998,1.000,1.000,1.000,1.000,0.993,0.687,0.516,0.502,0.438,0.403,0.389,0.426,0.403,0.392,0.394,0.382,0.164,0.000
4,0.006,0.013,0.736,0.990,0.921,1.000,1.000,1.000,1.000,1.000,0.938,0.509,0.475,0.442,0.359,0.357,0.334,0.377,0.375,0.340,0.352,0.350,0.203,0.000
4,0.010,0.021,0.749,0.988,0.918,1.000,1.000,1.000,1.000,1.000,0.952,0.522,0.484,0.444,0.373,0.365,0.374,0.390,0.354,0.373,0.370,0.278,0.022,0.000
4,0.012,0.026,0.781,0.990,0.892,0.995,1.000,1.000,1.000,1.000,0.972,0.597,0.525,0.485,0.405,0.407,0.398,0.433,0.405,0.393,0.403,0.370,0.115,0.000
4,0.006,0.013,0.743,0.992,0.924,1.000,1.000,1.000,1.000,1.000,0.942,0.508,0.466,0.438,0.363,0.355,0.331,0.373,0.370,0.333,0.351,0.352,0.171,0.000
4,0.006,0.013,0.746,0.990,0.909,0.999,1.000,1.000,1.000,1.000,0.941,0.502,0.471,0.437,0.364,0.361,0.333,0.381,0.372,0.335,0.351,0.354,0.173,0.000
4,0.006,0.013,0.737,0.989,0.912,1.000,1.000,1.000,1.000,1.000,0.934,0.511,0.473,0.440,0.360,0.358,0.334,0.378,0.377,0.335,0.356,0.355,0.180,0.000
4,0.006,0.013,0.736,0.989,0.903,0.999,1.000,1.000,1.000,1.000,0.926,0.508,0.464,0.434,0.359,0.354,0.331,0.380,0.368,0.334,0.346,0.340,0.148,0.000
4,0.012,0.026,0.782,0.986,0.917,0.998,1.000,1.000,1.000,1.000,0.962,0.593,0.519,0.490,0.421,0.414,0.405,0.431,0.424,0.400,0.402,0.398,0.202,0.000
4,0.009,0.020,0.768,0.989,0.911,1.000,1.000,1.000,1.000,1.000,0.989,0.686,0.497,0.503,0.426,0.389,0.371,0.401,0.408,0.369,0.393,0.389,0.283,0.033
4,0.009,0.020,0.756,0.980,0.913,1.000,1.000,1.000,1.000,1.000,0.964,0.568,0.494,0.477,0.392,0.393,0.368,0.416,0.390,0.377,0.390,0.369,0.124,0.000
4,0.013,0.026,0.764,0.980,0.927,1.000,1.000,1.000,1.000,1.000,0.893,0.523,0.518,0.448,0.397,0.383,0.426,0.412,0.397,0.400,0.339,0.046,0.000,0.000
1,0.014,0.032,0.769,0.967,0.557,0.956,1.000,1.000,1.000,1.000,0.899,0.601,0.557,0.472,0.399,0.412,0.409,0.371,0.393,0.381,0.381,0.365,0.248,0.044
1,0.009,0.019,0.759,0.997,0.563,0.978,1.000,1.000,1.000,0.991,0.658,0.494,0.498,0.367,0.367,0.350,0.330,0.334,0.336,0.350,0.331,0.251,0.047,0.000
1,0.014,0.031,0.791,0.965,0.657,0.981,1.000,1.000,1.000,1.000,0.903,0.572,0.566,0.525,0.421,0.431,0.403,0.381,0.415,0.393,0.409,0.403,0.302,0.079
1,0.007,0.014,0.762,0.988,0.507,0.939,1.000,1.000,1.000,0.994,0.761,0.487,0.504,0.395,0.359,0.354,0.351,0.318,0.346,0.344,0.330,0.297,0.103,0.000
1,0.014,0.031,0.782,0.954,0.600,0.967,1.000,1.000,1.000,1.000,0.897,0.582,0.542,0.494,0.394,0.397,0.391,0.370,0.382,0.364,0.376,0.361,0.291,0.097
1,0.007,0.015,0.759,0.989,0.496,0.937,1.000,1.000,1.000,1.000,0.881,0.524,0.508,0.459,0.354,0.368,0.350,0.325,0.326,0.339,0.345,0.328,0.292,0.114
1,0.005,0.010,0.747,0.973,0.491,0.910,1.000,1.000,1.000,0.990,0.854,0.538,0.502,0.412,0.344,0.357,0.341,0.306,0.337,0.323,0.340,0.323,0.243,0.068
1,0.009,0.019,0.748,0.990,0.541,0.967,1.000,1.000,1.000,0.997,0.703,0.487,0.499,0.368,0.351,0.349,0.338,0.323,0.343,0.342,0.326,0.280,0.073,0.000
1,0.007,0.015,0.749,0.989,0.490,0.949,1.000,1.000,1.000,0.986,0.698,0.487,0.483,0.357,0.361,0.344,0.334,0.325,0.336,0.339,0.324,0.279,0.081,0.000
1,0.015,0.032,0.787,0.954,0.583,0.955,1.000,1.000,1.000,1.000,0.865,0.551,0.548,0.478,0.404,0.407,0.404,0.356,0.394,0.369,0.388,0.340,0.151,0.000
1,0.007,0.015,0.751,0.975,0.485,0.939,1.000,1.000,1.000,0.999,0.899,0.527,0.497,0.449,0.352,0.372,0.342,0.329,0.331,0.337,0.345,0.324,0.281,0.098
1,0.007,0.015,0.749,0.978,0.499,0.939,1.000,1.000,1.000,1.000,0.878,0.513,0.504,0.453,0.350,0.367,0.345,0.330,0.318,0.343,0.339,0.330,0.310,0.136
1,0.011,0.023,0.775,0.981,0.544,0.959,1.000,1.000,1.000,0.998,0.887,0.542,0.527,0.476,0.372,0.389,0.375,0.358,0.375,0.370,0.368,0.346,0.289,0.100
1,0.014,0.030,0.786,0.972,0.524,0.949,1.000,1.000,1.000,1.000,0.979,0.723,0.542,0.524,0.408,0.393,0.381,0.375,0.363,0.378,0.369,0.363,0.357,0.223
1,0.011,0.023,0.775,0.997,0.537,0.954,1.000,1.000,1.000,1.000,0.858,0.520,0.530,0.441,0.375,0.380,0.378,0.338,0.375,0.358,0.367,0.351,0.233,0.035
1,0.015,0.033,0.758,0.939,0.548,0.962,1.000,1.000,1.000,1.000,0.894,0.564,0.519,0.433,0.369,0.378,0.369,0.330,0.365,0.353,0.356,0.346,0.244,0.026
1,0.009,0.020,0.755,0.982,0.481,0.948,1.000,1.000,1.000,0.996,0.732,0.488,0.505,0.366,0.363,0.347,0.337,0.326,0.348,0.338,0.329,0.282,0.083,0.000
1,0.014,0.030,0.768,0.991,0.556,0.957,1.000,1.000,1.000,0.987,0.699,0.521,0.469,0.376,0.381,0.383,0.358,0.376,0.368,0.361,0.298,0.075,0.000,0.000
1,0.014,0.030,0.762,0.993,0.601,0.970,1.000,1.000,1.000,1.000,0.955,0.610,0.521,0.500,0.387,0.408,0.384,0.372,0.369,0.369,0.381,0.363,0.310,0.122
1,0.014,0.030,0.790,0.941,0.555,0.952,1.000,1.000,1.000,1.000,0.927,0.603,0.548,0.509,0.406,0.415,0.385,0.352,0.385,0.376,0.379,0.364,0.324,0.097
1,0.011,0.023,0.766,0.990,0.531,0.947,1.000,1.000,1.000,1.000,0.923,0.558,0.531,0.485,0.382,0.398,0.387,0.354,0.362,0.367,0.373,0.355,0.303,0.104
1,0.014,0.030,0.769,0.980,0.497,0.932,1.000,1.000,1.000,1.000,0.970,0.705,0.521,0.521,0.429,0.393,0.381,0.378,0.348,0.384,0.366,0.360,0.342,0.205
1,0.005,0.011,0.760,0.989,0.479,0.887,0.996,1.000,1.000,0.996,0.873,0.534,0.505,0.442,0.353,0.365,0.350,0.314,0.348,0.332,0.340,0.330,0.212,0.036
1,0.014,0.032,0.763,0.977,0.607,0.969,1.000,1.000,1.000,1.000,0.896,0.560,0.535,0.443,0.399,0.406,0.387,0.355,0.387,0.374,0.381,0.371,0.226,0.016
1,0.011,0.023,0.775,0.982,0.552,0.950,1.000,1.000,1.000,0.998,0.857,0.513,0.527,0.440,0.377,0.390,0.368,0.337,0.378,0.352,0.357,0.353,0.213,0.018
1,0.011,0.023,0.762,0.974,0.583,0.971,1.000,1.000,1.000,1.000,0.885,0.542,0.532,0.488,0.392,0.392,0.370,0.355,0.370,0.365,0.370,0.355,0.284,0.086
1,0.011,0.023,0.775,0.951,0.550,0.955,1.000,1.000,1.000,1.000,0.923,0.580,0.539,0.464,0.387,0.397,0.384,0.342,0.378,0.358,0.370,0.353,0.272,0.074
1,0.007,0.015,0.757,0.978,0.480,0.922,1.000,1.000,1.000,1.000,0.906,0.529,0.505,0.456,0.359,0.373,0.370,0.338,0.324,0.347,0.339,0.334,0.311,0.134
1,0.004,0.009,0.757,0.982,0.478,0.920,0.999,0.999,0.998,0.996,0.855,0.506,0.501,0.430,0.354,0.365,0.348,0.312,0.345,0.327,0.336,0.317,0.172,0.008
1,0.009,0.019,0.748,0.982,0.552,0.971,1.000,1.000,1.000,0.988,0.683,0.492,0.494,0.370,0.360,0.347,0.334,0.325,0.337,0.336,0.321,0.268,0.067,0.000
1,0.007,0.015,0.751,0.983,0.502,0.938,1.000,1.000,1.000,1.000,0.887,0.523,0.502,0.446,0.351,0.370,0.344,0.331,0.327,0.340,0.342,0.325,0.297,0.114
1,0.014,0.030,0.784,0.971,0.612,0.973,1.000,1.000,1.000,1.000,0.942,0.603,0.558,0.533,0.412,0.415,0.394,0.382,0.382,0.385,0.388,0.379,0.330,0.161
1,0.011,0.024,0.759,0.920,0.491,0.887,0.983,0.998,1.000,0.986,0.856,0.557,0.491,0.466,0.356,0.368,0.346,0.327,0.337,0.334,0.346,0.329,0.235,0.033
1,0.007,0.015,0.748,0.969,0.520,0.937,1.000,1.000,1.000,1.000,0.883,0.516,0.501,0.455,0.354,0.368,0.344,0.335,0.319,0.344,0.334,0.333,0.320,0.152
1,0.011,0.024,0.762,0.989,0.564,0.946,1.000,1.000,1.000,1.000,0.884,0.562,0.536,0.448,0.375,0.389,0.382,0.340,0.378,0.354,0.363,0.356,0.240,0.035
1,0.015,0.030,0.782,0.985,0.639,0.988,1.000,1.000,1.000,0.997,0.821,0.552,0.536,0.421,0.391,0.400,0.388,0.361,0.391,0.394,0.370,0.352,0.164,0.000
1,0.011,0.024,0.752,0.984,0.582,0.974,1.000,1.000,1.000,1.000,0.884,0.542,0.519,0.436,0.378,0.380,0.368,0.333,0.375,0.347,0.354,0.344,0.241,0.047
1,0.011,0.024,0.788,0.993,0.544,0.942,1.000,1.000,1.000,1.000,0.845,0.519,0.532,0.484,0.387,0.398,0.379,0.347,0.384,0.370,0.380,0.363,0.289,0.042
1,0.011,0.024,0.757,0.999,0.536,0.943,1.000,1.000,1.000,0.998,0.875,0.535,0.523,0.443,0.368,0.368,0.361,0.339,0.375,0.345,0.356,0.345,0.219,0.033
1,0.004,0.010,0.759,0.986,0.419,0.891,0.998,0.999,1.000,1.000,0.949,0.610,0.498,0.477,0.357,0.356,0.337,0.334,0.309,0.337,0.325,0.323,0.312,0.155
1,0.007,0.015,0.747,0.979,0.479,0.925,1.000,1.000,1.000,1.000,0.937,0.565,0.492,0.473,0.351,0.353,0.339,0.333,0.302,0.341,0.321,0.317,0.312,0.163
1,0.007,0.015,0.758,0.998,0.490,0.939,1.000,1.000,1.000,1.000,0.921,0.535,0.498,0.461,0.357,0.368,0.344,0.331,0.318,0.345,0.338,0.326,0.304,0.127
1,0.011,0.024,0.781,0.995,0.512,0.949,1.000,1.000,1.000,1.000,0.935,0.572,0.528,0.496,0.380,0.394,0.375,0.349,0.377,0.361,0.364,0.352,0.273,0.062
1,0.006,0.011,0.754,0.980,0.506,0.937,1.000,1.000,1.000,0.991,0.781,0.501,0.508,0.399,0.358,0.360,0.353,0.318,0.356,0.336,0.345,0.329,0.189,0.016
1,0.011,0.024,0.778,0.967,0.555,0.952,1.000,1.000,1.000,0.995,0.826,0.532,0.528,0.421,0.394,0.389,0.382,0.349,0.384,0.373,0.377,0.359,0.201,0.011
1,0.009,0.019,0.748,0.996,0.514,0.965,1.000,1.000,1.000,0.993,0.717,0.499,0.490,0.368,0.354,0.351,0.337,0.318,0.334,0.342,0.326,0.259,0.055,0.000
1,0.015,0.033,0.771,0.980,0.590,0.955,1.000,1.000,1.000,0.997,0.827,0.545,0.519,0.417,0.372,0.375,0.372,0.337,0.378,0.349,0.353,0.333,0.192,0.000
1,0.007,0.015,0.754,0.973,0.506,0.950,1.000,1.000,1.000,0.998,0.790,0.488,0.501,0.388,0.347,0.347,0.341,0.306,0.339,0.328,0.321,0.289,0.100,0.000
1,0.005,0.010,0.750,0.980,0.472,0.885,0.997,0.999,1.000,0.993,0.857,0.536,0.491,0.458,0.347,0.357,0.340,0.319,0.320,0.327,0.335,0.319,0.257,0.079
1,0.011,0.024,0.758,0.988,0.548,0.952,1.000,1.000,1.000,0.998,0.911,0.545,0.521,0.459,0.373,0.389,0.370,0.332,0.372,0.356,0.365,0.349,0.216,0.029
1,0.009,0.019,0.746,0.995,0.538,0.966,1.000,1.000,1.000,0.989,0.705,0.491,0.471,0.358,0.353,0.338,0.328,0.324,0.333,0.338,0.325,0.269,0.058,0.000
1,0.015,0.030,0.788,0.949,0.621,0.979,1.000,1.000,1.000,1.000,0.815,0.555,0.558,0.445,0.406,0.400,0.388,0.379,0.394,0.382,0.400,0.333,0.118,0.000
1,0.013,0.030,0.787,0.942,0.602,0.982,1.000,1.000,1.000,0.980,0.648,0.538,0.492,0.416,0.403,0.406,0.365,0.388,0.395,0.375,0.327,0.094,0.000,0.000
1,0.006,0.011,0.753,0.967,0.501,0.937,0.998,1.000,1.000,0.989,0.755,0.488,0.503,0.400,0.361,0.366,0.356,0.324,0.360,0.340,0.346,0.331,0.175,0.021
1,0.005,0.010,0.759,0.983,0.453,0.908,0.998,1.000,1.000,0.989,0.740,0.482,0.498,0.376,0.358,0.353,0.345,0.319,0.352,0.339,0.334,0.329,0.168,0.002
1,0.011,0.025,0.752,0.940,0.530,0.950,1.000,1.000,1.000,1.000,0.852,0.498,0.500,0.436,0.359,0.368,0.351,0.321,0.344,0.335,0.345,0.328,0.238,0.033
1,0.007,0.015,0.758,0.978,0.445,0.930,1.000,1.000,1.000,1.000,0.909,0.536,0.496,0.445,0.349,0.360,0.338,0.325,0.319,0.332,0.330,0.320,0.296,0.113
1,0.015,0.031,0.763,0.997,0.619,0.975,1.000,1.000,1.000,1.000,0.881,0.544,0.550,0.472,0.387,0.399,0.381,0.365,0.390,0.365,0.377,0.343,0.151,0.000
1,0.014,0.030,0.763,0.984,0.604,0.958,1.000,1.000,1.000,0.994,0.914,0.568,0.539,0.482,0.381,0.384,0.372,0.357,0.378,0.363,0.360,0.348,0.262,0.030
1,0.007,0.015,0.756,0.998,0.473,0.930,1.000,1.000,1.000,0.999,0.887,0.516,0.502,0.437,0.348,0.362,0.342,0.321,0.326,0.335,0.334,0.316,0.293,0.128
1,0.011,0.024,0.781,0.971,0.489,0.931,1.000,1.000,1.000,1.000,0.938,0.585,0.523,0.482,0.389,0.398,0.375,0.357,0.363,0.359,0.363,0.359,0.305,0.100
1,0.007,0.015,0.758,0.996,0.504,0.940,1.000,1.000,1.000,0.999,0.873,0.514,0.503,0.449,0.349,0.366,0.349,0.329,0.326,0.340,0.346,0.328,0.302,0.127
1,0.011,0.023,0.779,0.992,0.562,0.959,1.000,1.000,1.000,1.000,0.897,0.558,0.536,0.479,0.385,0.401,0.378,0.354,0.377,0.370,0.382,0.363,0.310,0.101
1,0.012,0.024,0.746,0.916,0.569,0.919,0.995,1.000,0.992,0.973,0.782,0.488,0.500,0.427,0.343,0.353,0.345,0.304,0.345,0.326,0.331,0.294,0.118,0.000
1,0.014,0.030,0.769,0.999,0.542,0.948,1.000,1.000,1.000,1.000,0.973,0.664,0.542,0.518,0.406,0.409,0.382,0.373,0.361,0.379,0.373,0.364,0.327,0.121
1,0.005,0.011,0.767,0.991,0.446,0.862,0.991,0.997,0.999,0.993,0.888,0.594,0.504,0.428,0.354,0.373,0.355,0.319,0.352,0.329,0.346,0.329,0.248,0.059
1,0.009,0.020,0.738,0.993,0.522,0.960,1.000,1.000,1.000,0.996,0.759,0.484,0.444,0.356,0.340,0.338,0.324,0.278,0.330,0.311,0.299,0.238,0.125,0.000
1,0.007,0.015,0.749,0.972,0.487,0.931,1.000,1.000,1.000,0.999,0.921,0.547,0.495,0.461,0.350,0.363,0.344,0.327,0.319,0.337,0.331,0.322,0.296,0.113
1,0.007,0.015,0.750,0.989,0.502,0.942,1.000,1.000,1.000,1.000,0.935,0.564,0.490,0.460,0.349,0.349,0.335,0.328,0.303,0.337,0.318,0.318,0.310,0.160
1,0.007,0.015,0.765,0.995,0.490,0.924,1.000,1.000,1.000,1.000,0.948,0.579,0.508,0.488,0.362,0.369,0.356,0.347,0.320,0.353,0.346,0.340,0.326,0.179
1,0.013,0.029,0.791,0.983,0.631,0.988,1.000,1.000,1.000,0.956,0.621,0.564,0.495,0.404,0.421,0.394,0.389,0.411,0.406,0.384,0.288,0.074,0.000,0.000
1,0.007,0.015,0.759,0.977,0.458,0.928,1.000,1.000,1.000,1.000,0.920,0.540,0.496,0.445,0.346,0.368,0.337,0.329,0.320,0.332,0.337,0.323,0.309,0.128
1,0.011,0.024,0.773,0.997,0.597,0.970,1.000,1.000,1.000,0.996,0.820,0.535,0.530,0.415,0.391,0.382,0.370,0.354,0.377,0.364,0.361,0.320,0.127,0.000
1,0.009,0.019,0.759,0.990,0.569,0.975,1.000,1.000,1.000,0.978,0.665,0.504,0.484,0.365,0.365,0.354,0.335,0.339,0.339,0.351,0.334,0.245,0.048,0.000
1,0.007,0.015,0.746,0.971,0.506,0.947,1.000,1.000,1.000,0.994,0.775,0.481,0.492,0.382,0.345,0.339,0.331,0.306,0.334,0.329,0.316,0.282,0.113,0.000
1,0.009,0.018,0.752,0.983,0.541,0.956,1.000,1.000,1.000,1.000,0.826,0.507,0.507,0.399,0.344,0.353,0.337,0.299,0.342,0.321,0.327,0.317,0.134,0.000
1,0.008,0.019,0.761,0.981,0.494,0.947,1.000,1.000,1.000,1.000,0.866,0.521,0.516,0.433,0.348,0.367,0.357,0.321,0.348,0.324,0.341,0.327,0.200,0.018
1,0.011,0.024,0.771,0.990,0.559,0.969,1.000,1.000,1.000,1.000,0.859,0.531,0.540,0.462,0.378,0.385,0.375,0.342,0.372,0.356,0.368,0.347,0.286,0.104
2,0.014,0.030,0.801,0.998,0.591,0.952,1.000,1.000,1.000,1.000,0.897,0.570,0.555,0.473,0.367,0.400,0.388,0.376,0.415,0.455,0.412,0.367,0.291,0.030
2,0.011,0.025,0.782,0.999,0.569,0.953,1.000,1.000,1.000,0.995,0.766,0.529,0.536,0.377,0.330,0.351,0.348,0.344,0.415,0.413,0.355,0.332,0.159,0.000
2,0.009,0.019,0.762,0.981,0.553,0.950,1.000,1.000,1.000,0.987,0.684,0.515,0.501,0.329,0.310,0.320,0.333,0.310,0.393,0.381,0.316,0.289,0.083,0.000
2,0.011,0.024,0.760,0.990,0.512,0.928,1.000,1.000,1.000,1.000,0.935,0.574,0.531,0.471,0.329,0.341,0.325,0.341,0.339,0.406,0.397,0.332,0.327,0.147
2,0.007,0.015,0.763,0.995,0.480,0.936,1.000,1.000,1.000,1.000,0.880,0.517,0.511,0.438,0.306,0.330,0.316,0.324,0.313,0.392,0.391,0.326,0.326,0.167
2,0.011,0.025,0.746,0.985,0.556,0.965,1.000,1.000,1.000,1.000,0.826,0.505,0.507,0.401,0.298,0.331,0.320,0.308,0.345,0.387,0.361,0.319,0.255,0.049
2,0.007,0.016,0.745,1.000,0.494,0.937,1.000,1.000,1.000,0.999,0.814,0.495,0.509,0.407,0.290,0.322,0.308,0.305,0.315,0.383,0.367,0.307,0.297,0.118
2,0.014,0.029,0.797,0.968,0.532,0.947,1.000,1.000,1.000,1.000,0.950,0.608,0.558,0.503,0.365,0.395,0.377,0.377,0.377,0.450,0.433,0.368,0.357,0.170
2,0.007,0.016,0.755,0.982,0.508,0.951,1.000,1.000,1.000,1.000,0.842,0.504,0.513,0.414,0.298,0.326,0.312,0.308,0.320,0.391,0.378,0.310,0.291,0.110
2,0.007,0.015,0.749,0.986,0.496,0.938,1.000,1.000,1.000,0.991,0.737,0.499,0.503,0.338,0.297,0.312,0.319,0.291,0.371,0.376,0.311,0.292,0.112,0.000
2,0.007,0.016,0.749,0.992,0.505,0.935,1.000,1.000,1.000,0.999,0.832,0.506,0.515,0.410,0.295,0.332,0.321,0.307,0.328,0.391,0.371,0.310,0.267,0.078
2,0.007,0.015,0.752,0.984,0.513,0.958,1.000,1.000,1.000,0.983,0.656,0.505,0.487,0.315,0.306,0.307,0.315,0.301,0.386,0.371,0.305,0.274,0.084,0.000
2,0.011,0.024,0.757,0.985,0.530,0.957,1.000,1.000,1.000,1.000,0.931,0.585,0.528,0.483,0.330,0.347,0.339,0.330,0.345,0.398,0.389,0.332,0.304,0.127
2,0.007,0.016,0.754,0.982,0.467,0.924,1.000,1.000,1.000,0.999,0.835,0.496,0.513,0.417,0.297,0.331,0.314,0.311,0.324,0.391,0.378,0.313,0.287,0.099
2,0.011,0.024,0.769,0.971,0.562,0.965,1.000,1.000,1.000,1.000,0.815,0.530,0.535,0.433,0.335,0.363,0.352,0.338,0.410,0.410,0.377,0.345,0.178,0.000
2,0.007,0.015,0.749,0.999,0.483,0.926,1.000,1.000,1.000,1.000,0.896,0.523,0.506,0.459,0.311,0.317,0.311,0.323,0.301,0.378,0.380,0.318,0.308,0.158
2,0.007,0.016,0.754,0.977,0.513,0.948,1.000,1.000,1.000,1.000,0.830,0.498,0.511,0.414,0.293,0.326,0.316,0.310,0.318,0.395,0.381,0.309,0.298,0.118
2,0.009,0.020,0.758,0.991,0.514,0.946,0.987,0.990,1.000,0.981,0.644,0.506,0.471,0.312,0.317,0.312,0.307,0.328,0.389,0.366,0.307,0.232,0.045,0.000
2,0.007,0.016,0.759,1.000,0.506,0.946,1.000,1.000,1.000,0.997,0.823,0.511,0.517,0.404,0.290,0.331,0.315,0.310,0.330,0.387,0.367,0.305,0.271,0.084
2,0.011,0.024,0.777,0.981,0.576,0.967,1.000,1.000,1.000,0.995,0.802,0.545,0.531,0.392,0.351,0.352,0.356,0.344,0.408,0.408,0.356,0.349,0.207,0.000
2,0.011,0.025,0.772,0.993,0.574,0.960,1.000,1.000,1.000,0.996,0.778,0.532,0.521,0.379,0.324,0.345,0.350,0.326,0.403,0.403,0.343,0.333,0.162,0.000
2,0.011,0.024,0.769,0.994,0.546,0.950,1.000,1.000,1.000,1.000,0.909,0.550,0.541,0.478,0.346,0.365,0.358,0.353,0.365,0.418,0.404,0.353,0.301,0.116
2,0.011,0.024,0.781,0.998,0.517,0.950,1.000,1.000,1.000,1.000,0.828,0.533,0.531,0.410,0.325,0.359,0.358,0.328,0.396,0.413,0.363,0.342,0.241,0.017
2,0.015,0.031,0.800,0.999,0.610,0.959,1.000,1.000,1.000,0.994,0.833,0.557,0.579,0.453,0.374,0.384,0.387,0.371,0.437,0.450,0.390,0.355,0.138,0.000
2,0.007,0.016,0.743,0.986,0.491,0.941,1.000,1.000,1.000,0.999,0.798,0.483,0.500,0.381,0.279,0.315,0.303,0.293,0.312,0.382,0.365,0.300,0.279,0.099
2,0.009,0.019,0.754,0.979,0.534,0.962,1.000,1.000,1.000,0.985,0.669,0.508,0.493,0.322,0.313,0.315,0.321,0.316,0.390,0.373,0.306,0.256,0.064,0.000
2,0.007,0.016,0.759,0.958,0.515,0.938,1.000,1.000,1.000,0.997,0.824,0.496,0.515,0.427,0.298,0.325,0.316,0.308,0.331,0.393,0.373,0.306,0.268,0.077
2,0.014,0.031,0.771,0.958,0.580,0.966,1.000,1.000,1.000,1.000,0.920,0.623,0.549,0.488,0.355,0.373,0.373,0.364,0.389,0.435,0.414,0.370,0.315,0.127
2,0.014,0.030,0.776,0.993,0.630,0.982,1.000,1.000,1.000,0.974,0.661,0.564,0.485,0.355,0.383,0.378,0.362,0.446,0.436,0.378,0.286,0.046,0.000,0.000
2,0.009,0.020,0.741,0.962,0.554,0.958,1.000,1.000,1.000,0.972,0.633,0.513,0.452,0.319,0.324,0.317,0.311,0.318,0.359,0.346,0.315,0.239,0.038,0.000
2,0.009,0.019,0.753,0.989,0.559,0.969,1.000,1.000,1.000,0.983,0.630,0.509,0.475,0.321,0.334,0.325,0.318,0.342,0.393,0.374,0.321,0.244,0.037,0.000
2,0.011,0.024,0.768,0.986,0.578,0.957,1.000,1.000,1.000,1.000,0.878,0.550,0.547,0.460,0.340,0.370,0.359,0.354,0.368,0.422,0.408,0.352,0.293,0.085
2,0.011,0.024,0.765,0.984,0.532,0.948,1.000,1.000,1.000,1.000,0.838,0.535,0.541,0.429,0.321,0.340,0.343,0.324,0.385,0.404,0.367,0.345,0.238,0.020
2,0.011,0.025,0.764,0.994,0.543,0.961,1.000,1.000,1.000,1.000,0.843,0.543,0.529,0.439,0.334,0.361,0.355,0.336,0.393,0.409,0.361,0.345,0.221,0.016
2,0.007,0.015,0.758,0.973,0.486,0.934,1.000,1.000,1.000,0.998,0.896,0.527,0.507,0.436,0.301,0.328,0.316,0.316,0.321,0.387,0.372,0.312,0.293,0.112
2,0.014,0.030,0.781,0.968,0.536,0.952,1.000,1.000,1.000,1.000,0.932,0.589,0.554,0.515,0.357,0.378,0.381,0.369,0.384,0.438,0.429,0.360,0.321,0.101
2,0.014,0.031,0.774,0.990,0.599,0.963,1.000,1.000,1.000,1.000,0.898,0.586,0.562,0.485,0.349,0.383,0.383,0.352,0.398,0.441,0.417,0.370,0.306,0.093
2,0.007,0.015,0.742,0.981,0.494,0.936,1.000,1.000,1.000,0.998,0.839,0.497,0.507,0.420,0.289,0.310,0.301,0.306,0.294,0.374,0.371,0.308,0.294,0.140
2,0.014,0.030,0.786,0.991,0.638,0.985,1.000,1.000,1.000,0.972,0.676,0.546,0.477,0.339,0.367,0.375,0.357,0.431,0.423,0.367,0.332,0.107,0.000,0.000
2,0.015,0.033,0.777,0.983,0.538,0.956,1.000,1.000,1.000,1.000,0.852,0.538,0.525,0.418,0.324,0.349,0.352,0.324,0.393,0.403,0.365,0.336,0.233,0.022
2,0.012,0.025,0.751,0.965,0.556,0.958,1.000,1.000,1.000,0.998,0.768,0.498,0.511,0.373,0.305,0.329,0.329,0.305,0.377,0.393,0.343,0.326,0.194,0.000
2,0.012,0.025,0.772,0.985,0.582,0.970,1.000,1.000,1.000,0.996,0.773,0.530,0.523,0.371,0.329,0.354,0.355,0.327,0.412,0.402,0.336,0.330,0.121,0.000
2,0.011,0.024,0.783,0.990,0.575,0.965,1.000,1.000,1.000,1.000,0.811,0.545,0.542,0.392,0.349,0.351,0.366,0.344,0.406,0.417,0.373,0.361,0.220,0.000
2,0.015,0.031,0.792,0.978,0.635,0.981,1.000,1.000,1.000,0.994,0.708,0.553,0.513,0.358,0.368,0.368,0.349,0.431,0.437,0.399,0.377,0.242,0.000,0.000
2,0.009,0.019,0.757,0.981,0.529,0.957,1.000,1.000,1.000,0.981,0.706,0.512,0.501,0.336,0.325,0.324,0.328,0.340,0.395,0.381,0.320,0.259,0.052,0.000
2,0.011,0.025,0.756,0.985,0.561,0.973,1.000,1.000,1.000,0.998,0.839,0.538,0.529,0.407,0.325,0.350,0.346,0.323,0.389,0.393,0.352,0.334,0.220,0.016
2,0.009,0.018,0.755,0.989,0.511,0.951,1.000,1.000,1.000,0.995,0.722,0.496,0.505,0.345,0.317,0.325,0.331,0.314,0.388,0.381,0.319,0.303,0.094,0.000
2,0.009,0.019,0.760,0.979,0.532,0.960,1.000,1.000,1.000,0.993,0.727,0.512,0.507,0.339,0.318,0.317,0.332,0.311,0.390,0.376,0.318,0.273,0.075,0.000
2,0.011,0.024,0.762,0.984,0.539,0.949,1.000,1.000,1.000,1.000,0.899,0.580,0.538,0.459,0.330,0.353,0.351,0.339,0.346,0.413,0.396,0.334,0.327,0.122
2,0.014,0.030,0.777,0.966,0.582,0.976,1.000,1.000,1.000,1.000,0.912,0.582,0.561,0.470,0.352,0.382,0.373,0.370,0.412,0.455,0.424,0.370,0.312,0.088
2,0.015,0.031,0.777,0.954,0.593,0.951,1.000,1.000,1.000,1.000,0.840,0.540,0.549,0.429,0.358,0.370,0.386,0.367,0.438,0.432,0.364,0.296,0.052,0.000
2,0.014,0.031,0.795,0.972,0.607,0.965,1.000,1.000,1.000,1.000,0.874,0.588,0.566,0.443,0.352,0.393,0.387,0.358,0.425,0.453,0.403,0.377,0.296,0.060
2,0.014,0.029,0.788,0.969,0.592,0.968,1.000,1.000,1.000,1.000,0.937,0.601,0.557,0.494,0.362,0.379,0.362,0.365,0.368,0.425,0.437,0.371,0.368,0.216
2,0.009,0.020,0.746,0.985,0.544,0.964,1.000,1.000,1.000,1.000,0.877,0.504,0.505,0.441,0.305,0.313,0.307,0.318,0.290,0.374,0.380,0.334,0.315,0.197
2,0.009,0.020,0.762,0.989,0.542,0.969,1.000,1.000,1.000,0.985,0.643,0.509,0.479,0.312,0.323,0.317,0.319,0.337,0.395,0.369,0.323,0.235,0.038,0.000
2,0.011,0.024,0.769,0.986,0.552,0.962,1.000,1.000,1.000,1.000,0.828,0.542,0.540,0.418,0.335,0.359,0.356,0.339,0.401,0.415,0.372,0.351,0.224,0.000
2,0.007,0.015,0.758,0.990,0.480,0.941,1.000,1.000,1.000,0.999,0.855,0.500,0.508,0.418,0.299,0.327,0.316,0.312,0.315,0.391,0.379,0.308,0.299,0.129
2,0.009,0.019,0.756,0.967,0.497,0.953,1.000,1.000,1.000,0.989,0.696,0.488,0.495,0.340,0.294,0.316,0.323,0.286,0.378,0.380,0.307,0.278,0.085,0.000
2,0.011,0.024,0.781,0.974,0.540,0.965,1.000,1.000,1.000,1.000,0.820,0.540,0.548,0.403,0.338,0.363,0.366,0.329,0.408,0.415,0.375,0.347,0.201,0.000
2,0.014,0.030,0.772,0.983,0.612,0.982,1.000,1.000,1.000,0.987,0.702,0.548,0.469,0.357,0.360,0.362,0.362,0.423,0.411,0.355,0.311,0.051,0.000,0.000
2,0.011,0.024,0.772,0.995,0.570,0.965,1.000,1.000,1.000,1.000,0.886,0.556,0.530,0.430,0.319,0.356,0.354,0.331,0.393,0.407,0.371,0.342,0.261,0.053
2,0.007,0.015,0.755,0.976,0.484,0.942,1.000,1.000,1.000,0.995,0.749,0.499,0.511,0.342,0.292,0.312,0.319,0.290,0.371,0.377,0.304,0.292,0.101,0.000
2,0.014,0.030,0.773,0.984,0.589,0.974,1.000,1.000,1.000,0.987,0.673,0.551,0.459,0.344,0.357,0.362,0.355,0.421,0.416,0.362,0.296,0.056,0.000,0.000
2,0.007,0.016,0.751,0.983,0.466,0.926,1.000,1.000,1.000,0.999,0.847,0.508,0.519,0.412,0.295,0.327,0.314,0.305,0.326,0.388,0.368,0.306,0.271,0.083
2,0.007,0.015,0.759,0.996,0.512,0.935,1.000,1.000,1.000,1.000,0.847,0.504,0.518,0.426,0.300,0.332,0.317,0.317,0.317,0.389,0.380,0.318,0.305,0.133
2,0.011,0.024,0.761,0.990,0.559,0.951,1.000,1.000,1.000,0.995,0.816,0.517,0.535,0.425,0.318,0.354,0.344,0.323,0.375,0.417,0.373,0.333,0.248,0.035
2,0.007,0.015,0.756,0.994,0.476,0.935,1.000,1.000,1.000,0.999,0.860,0.510,0.518,0.428,0.304,0.334,0.317,0.316,0.321,0.394,0.383,0.315,0.305,0.120
2,0.014,0.031,0.778,0.976,0.568,0.966,1.000,1.000,1.000,1.000,0.923,0.593,0.556,0.494,0.355,0.370,0.380,0.373,0.404,0.435,0.404,0.370,0.296,0.062
2,0.014,0.029,0.791,0.973,0.581,0.978,1.000,1.000,1.000,0.956,0.621,0.564,0.466,0.345,0.377,0.369,0.355,0.429,0.416,0.372,0.286,0.044,0.000,0.000
2,0.014,0.030,0.768,0.979,0.600,0.982,1.000,1.000,1.000,1.000,0.930,0.591,0.539,0.464,0.370,0.376,0.376,0.355,0.406,0.421,0.397,0.361,0.267,0.061
2,0.015,0.031,0.762,0.898,0.621,0.964,1.000,1.000,1.000,0.985,0.845,0.561,0.524,0.388,0.345,0.358,0.361,0.364,0.409,0.400,0.348,0.330,0.127,0.000
2,0.007,0.015,0.752,0.985,0.490,0.936,1.000,1.000,1.000,0.999,0.847,0.505,0.510,0.422,0.298,0.329,0.312,0.315,0.319,0.393,0.385,0.321,0.303,0.125
6,0.010,0.024,0.862,0.993,0.823,0.963,0.982,0.994,1.000,0.968,0.486,0.256,0.254,0.258,0.262,0.254,0.291,0.599,0.813,0.834,0.628,0.300,0.050,0.000
6,0.008,0.019,0.824,0.958,0.816,0.949,0.969,0.989,0.999,0.980,0.617,0.217,0.219,0.209,0.210,0.208,0.211,0.456,0.648,0.712,0.649,0.383,0.116,0.000
6,0.009,0.024,0.844,0.978,0.796,0.966,0.979,0.993,1.000,0.993,0.824,0.271,0.235,0.230,0.243,0.245,0.242,0.464,0.721,0.859,0.781,0.505,0.209,0.000
6,0.009,0.024,0.849,0.932,0.815,0.977,0.995,1.000,1.000,1.000,0.779,0.229,0.232,0.238,0.233,0.235,0.233,0.485,0.678,0.849,0.818,0.591,0.267,0.047
6,0.004,0.010,0.845,0.988,0.733,0.947,0.968,0.987,0.998,0.995,0.731,0.270,0.270,0.272,0.287,0.295,0.290,0.468,0.656,0.835,0.688,0.517,0.234,0.023
6,0.006,0.015,0.845,0.978,0.783,0.962,0.978,0.993,1.000,0.985,0.709,0.217,0.214,0.214,0.211,0.211,0.211,0.373,0.621,0.828,0.776,0.549,0.218,0.000
6,0.012,0.030,0.888,0.984,0.770,0.972,0.994,1.000,1.000,0.964,0.574,0.300,0.300,0.294,0.303,0.305,0.482,0.804,0.880,0.804,0.482,0.190,0.000,0.000
6,0.006,0.015,0.842,0.944,0.772,0.943,0.970,0.993,1.000,0.959,0.534,0.217,0.213,0.211,0.210,0.208,0.210,0.478,0.671,0.832,0.663,0.435,0.134,0.000
6,0.007,0.019,0.844,0.987,0.728,0.960,0.974,0.992,1.000,0.986,0.694,0.182,0.181,0.187,0.194,0.185,0.195,0.418,0.700,0.874,0.808,0.541,0.191,0.020
6,0.006,0.015,0.844,0.944,0.757,0.943,0.968,0.996,1.000,0.977,0.612,0.209,0.217,0.206,0.205,0.209,0.211,0.369,0.652,0.838,0.804,0.577,0.235,0.044
6,0.010,0.024,0.846,0.943,0.776,0.952,0.971,0.990,1.000,0.987,0.768,0.251,0.237,0.241,0.230,0.232,0.229,0.479,0.743,0.857,0.730,0.463,0.165,0.000
6,0.010,0.024,0.866,0.952,0.830,0.969,0.984,0.997,1.000,0.969,0.660,0.250,0.245,0.247,0.245,0.250,0.319,0.652,0.851,0.843,0.614,0.294,0.020,0.000
6,0.006,0.016,0.843,0.958,0.734,0.926,0.951,0.987,0.998,0.962,0.538,0.176,0.175,0.180,0.170,0.169,0.184,0.375,0.607,0.823,0.765,0.551,0.206,0.031
6,0.009,0.023,0.848,0.936,0.844,0.974,0.992,1.000,1.000,0.998,0.799,0.230,0.229,0.233,0.225,0.242,0.243,0.515,0.702,0.873,0.765,0.502,0.188,0.000
6,0.006,0.015,0.833,0.944,0.795,0.964,0.985,0.999,0.998,0.982,0.623,0.194,0.192,0.183,0.181,0.185,0.184,0.485,0.737,0.864,0.700,0.387,0.139,0.000
6,0.012,0.029,0.857,0.975,0.823,0.966,0.981,1.000,1.000,0.984,0.720,0.288,0.270,0.278,0.275,0.278,0.373,0.598,0.802,0.836,0.624,0.365,0.032,0.000
6,0.004,0.010,0.844,0.939,0.718,0.930,0.969,0.987,1.000,0.981,0.665,0.247,0.251,0.263,0.279,0.289,0.282,0.422,0.724,0.814,0.738,0.449,0.206,0.011
6,0.010,0.024,0.851,0.947,0.851,0.972,0.992,1.000,1.000,0.974,0.531,0.266,0.271,0.265,0.276,0.263,0.284,0.588,0.817,0.848,0.670,0.340,0.074,0.000
6,0.013,0.028,0.851,0.926,0.857,0.977,0.997,1.000,1.000,0.935,0.506,0.304,0.294,0.291,0.301,0.296,0.517,0.779,0.852,0.714,0.366,0.094,0.000,0.000
6,0.013,0.030,0.850,0.943,0.827,0.975,0.989,1.000,1.000,0.956,0.525,0.261,0.266,0.275,0.261,0.269,0.527,0.731,0.879,0.692,0.396,0.091,0.000,0.000
6,0.012,0.030,0.873,0.944,0.844,0.971,0.989,1.000,1.000,0.989,0.614,0.280,0.275,0.267,0.270,0.278,0.288,0.548,0.759,0.897,0.762,0.481,0.228,0.000
6,0.006,0.016,0.828,0.948,0.781,0.955,0.976,0.992,0.996,0.970,0.597,0.184,0.186,0.184,0.179,0.173,0.174,0.398,0.667,0.839,0.712,0.399,0.132,0.000
6,0.006,0.015,0.828,0.988,0.769,0.941,0.973,0.995,1.000,0.977,0.614,0.199,0.198,0.198,0.175,0.173,0.175,0.411,0.641,0.839,0.717,0.484,0.162,0.000
6,0.012,0.029,0.857,0.927,0.735,0.945,0.971,0.966,0.964,0.982,0.771,0.294,0.255,0.273,0.257,0.270,0.351,0.592,0.745,0.813,0.618,0.384,0.057,0.000
6,0.007,0.019,0.858,0.982,0.793,0.956,0.981,0.994,1.000,0.981,0.553,0.189,0.195,0.184,0.190,0.204,0.219,0.427,0.688,0.878,0.819,0.563,0.223,0.028
6,0.012,0.031,0.880,0.972,0.799,0.981,0.995,1.000,1.000,0.995,0.706,0.253,0.250,0.247,0.250,0.253,0.264,0.547,0.797,0.887,0.802,0.484,0.192,0.000
6,0.010,0.024,0.872,0.977,0.724,0.962,0.974,0.987,0.998,0.997,0.637,0.258,0.261,0.255,0.263,0.261,0.265,0.544,0.717,0.876,0.701,0.472,0.155,0.000
6,0.012,0.027,0.861,0.930,0.840,0.982,0.997,1.000,1.000,0.995,0.762,0.308,0.283,0.313,0.293,0.311,0.318,0.549,0.799,0.867,0.757,0.474,0.195,0.000
6,0.010,0.024,0.861,0.946,0.795,0.968,0.986,0.997,1.000,0.998,0.725,0.229,0.232,0.225,0.222,0.224,0.227,0.483,0.700,0.878,0.763,0.537,0.195,0.000
6,0.010,0.024,0.868,0.970,0.753,0.961,0.980,1.000,1.000,0.997,0.727,0.224,0.229,0.219,0.234,0.237,0.247,0.592,0.792,0.859,0.701,0.391,0.098,0.000
6,0.006,0.015,0.835,0.952,0.794,0.960,0.981,0.997,1.000,0.982,0.618,0.185,0.203,0.209,0.206,0.212,0.209,0.526,0.709,0.871,0.678,0.437,0.150,0.000
6,0.010,0.023,0.866,0.961,0.818,0.972,0.994,1.000,1.000,0.978,0.607,0.275,0.275,0.268,0.268,0.271,0.302,0.592,0.806,0.851,0.643,0.396,0.103,0.000
6,0.012,0.033,0.889,0.963,0.783,0.949,0.973,0.988,1.000,0.979,0.586,0.247,0.235,0.256,0.253,0.250,0.446,0.693,0.884,0.812,0.622,0.318,0.000,0.000
6,0.009,0.023,0.846,0.952,0.779,0.966,0.972,0.987,1.000,0.998,0.892,0.352,0.254,0.254,0.244,0.250,0.263,0.360,0.606,0.815,0.839,0.631,0.366,0.102
6,0.008,0.019,0.846,0.960,0.859,0.944,0.964,0.976,0.991,0.985,0.532,0.155,0.150,0.154,0.157,0.154,0.184,0.532,0.740,0.864,0.670,0.408,0.097,0.000
6,0.004,0.010,0.846,0.943,0.721,0.935,0.964,0.981,0.993,0.989,0.884,0.391,0.229,0.233,0.243,0.243,0.248,0.250,0.514,0.656,0.805,0.675,0.511,0.217
6,0.004,0.010,0.837,0.990,0.816,0.956,0.976,0.986,0.999,0.987,0.731,0.241,0.233,0.234,0.225,0.224,0.224,0.382,0.629,0.835,0.770,0.536,0.242,0.041
6,0.010,0.022,0.849,0.960,0.793,0.957,0.985,1.000,1.000,0.994,0.714,0.268,0.260,0.259,0.259,0.259,0.251,0.454,0.648,0.848,0.769,0.549,0.254,0.000
6,0.010,0.024,0.857,0.932,0.799,0.977,0.987,1.000,1.000,0.975,0.653,0.250,0.255,0.247,0.250,0.249,0.290,0.574,0.793,0.841,0.667,0.332,0.093,0.000
6,0.006,0.015,0.847,0.947,0.784,0.954,0.981,0.996,1.000,0.977,0.576,0.225,0.219,0.234,0.229,0.224,0.230,0.442,0.701,0.870,0.762,0.487,0.196,0.000
6,0.006,0.015,0.839,0.988,0.797,0.972,0.994,0.998,1.000,0.986,0.551,0.199,0.209,0.209,0.208,0.211,0.211,0.423,0.669,0.870,0.745,0.477,0.192,0.002
6,0.010,0.023,0.858,0.968,0.753,0.953,0.987,1.000,1.000,0.981,0.700,0.272,0.266,0.272,0.264,0.272,0.258,0.502,0.681,0.853,0.731,0.529,0.194,0.000
6,0.008,0.020,0.816,0.992,0.762,0.963,0.978,0.996,1.000,0.967,0.471,0.198,0.198,0.198,0.193,0.193,0.199,0.484,0.661,0.755,0.599,0.341,0.099,0.000
6,0.004,0.010,0.832,0.973,0.746,0.962,0.981,0.992,0.999,0.998,0.881,0.292,0.189,0.184,0.185,0.189,0.185,0.367,0.623,0.829,0.780,0.556,0.244,0.041
6,0.006,0.015,0.822,0.983,0.804,0.952,0.978,0.994,1.000,0.968,0.486,0.201,0.202,0.199,0.202,0.216,0.222,0.456,0.533,0.753,0.702,0.489,0.194,0.000
6,0.011,0.026,0.869,0.956,0.734,0.947,0.978,0.998,1.000,1.000,0.879,0.397,0.322,0.324,0.322,0.327,0.334,0.475,0.654,0.816,0.797,0.600,0.363,0.039
6,0.012,0.030,0.859,0.939,0.771,0.957,0.987,0.997,1.000,0.992,0.876,0.321,0.259,0.248,0.245,0.245,0.245,0.534,0.784,0.860,0.763,0.469,0.137,0.000
6,0.009,0.023,0.847,0.976,0.775,0.973,0.987,0.997,1.000,0.997,0.861,0.352,0.252,0.246,0.247,0.238,0.247,0.335,0.626,0.817,0.851,0.670,0.358,0.100
6,0.012,0.030,0.882,0.976,0.805,0.959,0.989,1.000,1.000,0.978,0.613,0.283,0.294,0.283,0.288,0.283,0.368,0.695,0.852,0.854,0.648,0.352,0.060,0.000
6,0.006,0.015,0.844,0.999,0.787,0.973,0.989,0.996,1.000,0.993,0.685,0.213,0.218,0.217,0.206,0.208,0.214,0.386,0.634,0.850,0.763,0.514,0.207,0.000
6,0.010,0.025,0.853,0.998,0.776,0.952,0.975,0.995,1.000,0.952,0.365,0.233,0.232,0.235,0.238,0.232,0.252,0.570,0.795,0.814,0.589,0.267,0.046,0.000
6,0.006,0.016,0.827,0.973,0.713,0.947,0.968,0.988,0.999,0.981,0.594,0.142,0.150,0.149,0.162,0.163,0.153,0.419,0.648,0.868,0.703,0.464,0.162,0.000
6,0.012,0.030,0.852,0.923,0.806,0.995,1.000,1.000,1.000,0.995,0.609,0.267,0.275,0.275,0.261,0.270,0.453,0.722,0.838,0.795,0.482,0.173,0.000,0.000
6,0.008,0.020,0.823,0.936,0.843,0.976,0.995,1.000,1.000,0.989,0.619,0.182,0.174,0.166,0.175,0.175,0.172,0.500,0.703,0.856,0.677,0.381,0.107,0.000
6,0.004,0.010,0.830,0.942,0.705,0.904,0.929,0.952,0.963,0.948,0.755,0.313,0.235,0.224,0.218,0.224,0.226,0.511,0.735,0.800,0.626,0.332,0.188,0.013
6,0.006,0.015,0.839,0.978,0.762,0.959,0.972,0.992,0.999,0.987,0.726,0.195,0.189,0.195,0.195,0.198,0.212,0.409,0.675,0.863,0.782,0.500,0.209,0.006
6,0.009,0.022,0.871,0.975,0.768,0.969,0.992,1.000,1.000,0.998,0.750,0.272,0.261,0.261,0.266,0.261,0.277,0.559,0.751,0.887,0.698,0.484,0.161,0.000
6,0.006,0.015,0.848,0.966,0.759,0.936,0.967,0.990,1.000,0.966,0.543,0.179,0.191,0.197,0.190,0.191,0.191,0.432,0.711,0.849,0.726,0.442,0.155,0.000
6,0.012,0.029,0.857,0.933,0.823,0.971,0.995,1.000,1.000,0.990,0.662,0.286,0.275,0.283,0.281,0.275,0.306,0.600,0.803,0.868,0.732,0.374,0.086,0.000
6,0.006,0.015,0.812,0.951,0.731,0.959,0.978,0.992,1.000,0.984,0.849,0.294,0.210,0.216,0.210,0.204,0.197,0.293,0.579,0.762,0.729,0.524,0.284,0.070
6,0.006,0.015,0.857,0.964,0.744,0.945,0.974,0.995,1.000,0.985,0.601,0.224,0.228,0.236,0.239,0.240,0.242,0.410,0.677,0.851,0.767,0.483,0.218,0.000
6,0.008,0.018,0.843,0.961,0.742,0.960,0.980,0.996,1.000,0.989,0.662,0.220,0.220,0.214,0.210,0.213,0.211,0.417,0.687,0.855,0.742,0.451,0.133,0.000
6,0.010,0.024,0.868,0.975,0.844,0.975,0.990,1.000,1.000,0.992,0.652,0.234,0.240,0.235,0.244,0.244,0.305,0.610,0.806,0.877,0.678,0.411,0.101,0.000
6,0.012,0.032,0.882,0.965,0.878,0.985,1.000,1.000,1.000,0.950,0.434,0.245,0.254,0.271,0.274,0.262,0.534,0.793,0.915,0.755,0.522,0.192,0.000,0.000
6,0.008,0.019,0.814,0.974,0.736,0.959,0.979,0.994,1.000,0.972,0.553,0.216,0.216,0.216,0.216,0.215,0.210,0.508,0.630,0.694,0.591,0.330,0.079,0.000
6,0.006,0.015,0.846,0.944,0.759,0.939,0.961,0.987,1.000,0.975,0.544,0.213,0.210,0.205,0.202,0.202,0.210,0.466,0.650,0.833,0.696,0.474,0.176,0.000
6,0.013,0.032,0.878,0.931,0.829,0.986,1.000,1.000,1.000,0.946,0.431,0.229,0.243,0.234,0.223,0.274,0.634,0.843,0.883,0.677,0.380,0.057,0.000,0.000
6,0.004,0.010,0.856,0.984,0.719,0.926,0.962,0.984,1.000,0.970,0.543,0.267,0.268,0.275,0.274,0.271,0.271,0.446,0.653,0.858,0.732,0.527,0.243,0.012
6,0.004,0.010,0.835,0.975,0.695,0.938,0.970,0.988,0.998,0.978,0.815,0.318,0.234,0.229,0.231,0.229,0.224,0.493,0.681,0.838,0.673,0.485,0.214,0.041
6,0.009,0.024,0.864,0.987,0.747,0.962,0.977,0.989,1.000,0.990,0.827,0.299,0.235,0.243,0.237,0.247,0.245,0.505,0.711,0.869,0.734,0.536,0.193,0.000
6,0.013,0.030,0.851,0.959,0.799,0.986,1.000,1.000,1.000,0.967,0.525,0.266,0.266,0.272,0.264,0.272,0.478,0.747,0.887,0.750,0.393,0.121,0.000,0.000
6,0.012,0.029,0.861,0.928,0.766,0.984,1.000,1.000,1.000,0.995,0.735,0.270,0.270,0.265,0.270,0.283,0.288,0.605,0.805,0.873,0.717,0.392,0.099,0.000
6,0.008,0.020,0.855,0.996,0.755,0.971,0.981,0.994,1.000,0.984,0.546,0.187,0.189,0.187,0.187,0.184,0.188,0.511,0.756,0.894,0.704,0.396,0.118,0.000
6,0.008,0.019,0.827,0.945,0.778,0.966,0.974,0.990,0.996,0.971,0.614,0.194,0.194,0.197,0.192,0.189,0.190,0.546,0.726,0.840,0.641,0.364,0.099,0.000
6,0.012,0.031,0.877,0.999,0.849,0.962,0.992,1.000,1.000,0.997,0.563,0.234,0.231,0.225,0.225,0.231,0.297,0.654,0.874,0.890,0.706,0.341,0.058,0.000
6,0.012,0.031,0.863,0.942,0.813,0.967,0.986,1.000,1.000,0.992,0.613,0.250,0.261,0.275,0.269,0.261,0.297,0.604,0.838,0.874,0.681,0.385,0.071,0.000
6,0.010,0.024,0.866,0.944,0.804,0.961,0.981,0.994,1.000,0.989,0.681,0.222,0.233,0.235,0.232,0.246,0.258,0.567,0.752,0.878,0.689,0.449,0.124,0.000
6,0.008,0.019,0.854,0.957,0.766,0.934,0.961,0.988,1.000,0.968,0.572,0.206,0.206,0.196,0.195,0.200,0.208,0.492,0.671,0.849,0.711,0.523,0.175,0.000
6,0.004,0.010,0.829,0.984,0.687,0.925,0.966,0.992,0.998,0.945,0.689,0.408,0.226,0.228,0.226,0.228,0.275,0.562,0.747,0.837,0.628,0.435,0.198,0.089
6,0.009,0.022,0.869,0.972,0.781,0.965,0.986,0.998,1.000,0.995,0.811,0.286,0.260,0.259,0.251,0.265,0.257,0.484,0.691,0.865,0.791,0.578,0.259,0.000
